661
664
660
654
657
666
677
680
680
694
706
642
627
626
607
673
697
725
731
712
718
718
710
682
673
698
1124
1154
1112
1390
1591
1663
1809
1730
1645
1607
1517
1570
1515
1450
1418
1310
1155
875
843
827
757
708
677
664
656
954
1026
1312
1576
1667
1746
1628
1510
1378
1291
1308
1184
1137
1176
1255
1112
838
819
807
732
694
673
666
664
896
1045
1329
1565
1625
1736
1622
1565
1371
1283
1273
1126
1097
1124
1216
1123
847
802
755
715
683
665
654
656
923
1012
1276
1515
1625
1785
1569
1495
1440
1213
1256
1147
1143
1125
1201
1117
836
805
789
730
698
666
654
656
789
1043
1336
1504
1597
1658
1545
1519
1266
1207
1132
1012
954
894
983
877
711
733
683
675
655
644
642
639
643
637
646
665
674
682
687
637
627
608
639
665
711
702
706
711
686
693
701
678
672
657
658
648
645
641
658
682
689
688
663
680
673
590
578
619
659
703
702
677
676
659
660
658
655
661
690
929
1040
1002
1161
1518
1581
1682
1539
1499
1424
1302
1302
1068
1090
1135
1237
1154
887
819
769
727
698
664
668
690
1099
1087
1348
1560
1685
1843
1592
1539
1455
1402
1403
1261
1240
1215
1355
1193
850
813
785
729
704
688
678
710
1042
1039
1352
1605
1707
1803
1598
1450
1431
1353
1337
1283
1171
1148
1276
1132
851
824
777
740
712
692
680
681
1133
1119
1379
1551
1650
1790
1524
1392
1466
1382
1302
1110
1148
1229
1273
1149
881
837
826
761
713
693
682
718
1067
1039
1372
1599
1673
1820
1567
1491
1406
1415
1409
1239
1074
971
1077
916
744
715
699
691
679
689
680
678
676
683
689
693
685
675
639
602
604
640
614
562
599
622
676
675
688
689
705
709
706
701
698
701
705
708
719
730
717
695
679
632
612
609
610
640
680
693
738
731
762
763
726
720
707
1058
1083
1087
1192
1160
1474
1699
1778
1897
1628
1562
1569
1445
1350
1136
1151
1194
1335
1201
899
884
844
791
737
716
723
1025
1104
1092
1416
1649
1790
1921
1704
1711
1589
1453
1497
1205
1252
1299
1344
1180
891
840
817
784
751
719
732
1080
1198
1160
1433
1600
1722
1877
1677
1604
1568
1531
1443
1129
1160
1254
1333
1214
952
921
858
780
711
698
713
1004
1058
1032
1366
1571
1725
1854
1708
1627
1560
1483
1445
1225
1106
1208
1290
1300
1047
1057
1035
945
874
853
924
975
1084
1175
1504
1694
1727
1862
1800
1682
1619
1495
1516
1344
1253
1196
1251
1140
942
932
907
884
847
857
863
875
880
870
882
846
850
835
765
682
618
633
635
692
688
696
738
720
709
707
700
689
670
752
743
730
708
699
731
722
728
719
721
723
675
667
623
633
656
676
714
717
718
725
714
708
827
1119
1113
1102
1187
1188
1475
1651
1747
1899
1771
1693
1659
1562
1537
1377
1351
1370
1330
1199
913
892
920
887
855
885
904
1009
1142
1135
1432
1638
1771
1882
1754
1603
1580
1474
1450
1332
1334
1421
1467
1209
987
949
825
777
762
1007
969
931
1011
991
1369
1611
1740
1884
1734
1582
1530
1443
1413
1113
1112
1190
1315
1098
883
854
823
780
737
1030
1008
1085
1083
1093
1408
1591
1659
1806
1596
1528
1475
1272
1108
905
891
886
971
870
718
733
699
667
653
655
644
648
645
683
700
726
698
695
675
643
594
578
566
583
637
657
697
721
704
716
711
687
676
664
665
668
665
678
695
701
698
659
610
587
546
559
546
578
627
662
686
700
685
695
674
666
661
655
648
647
646
641
665
827
748
707
689
701
683
701
644
641
653
664
680
684
686
693
683
654
658
644
684
684
649
650
678
712
684
696
682
702
650
613
592
608
628
636
692
751
755
745
726
715
839
935
938
1081
1195
1169
1465
1706
1770
1887
1659
1521
1505
1315
1223
1128
1193
1253
1333
1195
916
867
826
775
716
695
706
756
968
1029
1349
1570
1751
1907
1652
1598
1504
1376
1340
1241
1170
1170
1266
1180
909
852
804
763
717
719
1006
986
1053
1019
1350
1591
1698
1863
1618
1531
1461
1181
1169
1063
1085
1159
1246
1140
856
817
798
756
709
698
692
875
1078
1100
1322
1564
1692
1819
1510
1415
1261
1130
1123
1018
987
925
988
870
688
661
649
646
643
638
628
611
613
617
786
673
629
633
601
584
558
550
566
621
629
633
642
644
648
653
655
648
650
649
668
680
644
638
642
660
640
632
606
600
624
632
622
584
609
641
656
653
658
663
657
670
663
690
924
967
1038
996
1304
1573
1622
1781
1519
1455
1353
1163
1176
1067
1091
1175
1277
1158
864
811
788
740
696
668
675
846
923
1049
1385
1538
1675
1830
1576
1547
1441
1169
1179
1089
1076
1148
1227
1144
876
812
779
750
696
672
710
830
982
1017
1317
1539
1605
1780
1589
1513
1424
1277
1285
1185
1200
1257
1305
1193
896
851
801
769
729
700
702
851
980
1118
1426
1543
1617
1827
1552
1499
1379
1187
1163
1085
1111
1182
1290
1240
1008
1004
974
920
877
862
858
870
1116
1097
1433
1645
1632
1814
1508
1518
1445
1342
1390
1085
1030
930
1022
931
765
759
719
691
670
700
663
666
667
672
691
705
708
690
657
662
610
597
575
585
621
630
681
702
725
720
702
673
667
654
655
650
649
661
671
690
692
674
617
615
585
561
543
569
597
621
685
757
744
752
756
753
733
874
1003
1006
1137
1121
1451
1621
1641
1824
1580
1521
1411
1278
1283
1171
1175
1261
1304
1201
947
894
823
771
719
716
777
1015
1071
1034
1344
1552
1661
1845
1565
1464
1397
1313
1290
1222
1262
1289
1370
1187
874
825
810
730
690
696
706
692
676
693
770
819
803
852
784
775
720
669
681
695
708
724
747
742
747
750
742
714
712
794
937
906
1095
1096
1355
1513
1571
1812
1620
1525
1461
1361
1322
1206
1207
1187
1244
1111
961
917
862
817
781
768
769
798
1090
1079
1372
1509
1510
1658
1455
1292
1171
1099
1061
967
976
889
950
827
661
652
635
623
613
611
608
610
617
613
616
639
629
608
552
527
508
504
486
516
547
565
601
643
637
642
642
640
633
625
629
632
638
636
631
648
632
625
579
565
516
521
508
551
597
624
628
644
644
646
639
656
656
656
644
668
911
924
1321
1508
1545
1711
1524
1329
1244
1133
1117
1067
1098
1166
1267
1155
907
862
845
774
703
687
678
903
987
1037
1405
1571
1624
1783
1514
1459
1345
1193
1168
1061
1083
1176
1242
1191
916
862
810
756
711
691
673
688
836
1076
1345
1511
1576
1807
1547
1467
1395
1328
1428
1303
1230
1205
1274
1152
808
838
806
740
701
674
661
676
771
942
1376
1541
1598
1788
1503
1460
1280
1216
1158
1012
1042
1118
1192
1124
876
827
776
733
703
687
665
698
923
1035
1341
1552
1560
1737
1437
1229
1185
1085
1077
989
947
867
937
875
711
697
678
667
642
630
625
631
622
624
626
644
641
619
579
562
533
534
511
537
618
624
654
679
677
684
673
651
639
633
631
642
632
628
642
663
666
641
633
618
584
565
549
571
618
632
661
691
675
675
650
646
638
634
630
669
913
956
1375
1568
1614
1781
1578
1358
1223
1128
1112
1048
1032
1108
1189
1135
852
825
798
729
674
658
642
659
769
917
1290
1589
1569
1744
1465
1225
1130
1129
1040
954
978
1059
1135
1030
776
756
735
683
655
644
637
636
635
636
646
664
649
654
654
891
863
614
627
644
630
673
652
660
655
665
669
660
647
639
634
657
1006
996
1384
1499
1576
1799
1602
1560
1519
1408
1279
1149
1166
1205
1183
1092
827
775
744
687
654
646
641
655
805
963
1338
1483
1518
1688
1460
1220
1147
1088
1007
903
899
870
919
829
668
679
667
653
636
631
630
630
629
630
629
647
628
608
578
548
504
517
508
509
540
567
601
623
635
634
627
627
628
634
632
639
634
634
639
659
642
620
606
566
532
540
520
525
542
576
607
622
629
625
618
619
630
627
623
681
1074
1062
1306
1416
1479
1710
1531
1453
1377
1111
1036
960
1004
1099
1206
1137
870
817
768
711
679
662
652
660
762
955
1336
1520
1553
1735
1538
1495
1447
1212
1131
1013
1031
1118
1221
1129
846
798
768
711
683
672
666
679
786
977
1336
1539
1567
1699
1518
1480
1480
1452
1232
1036
1089
1100
1206
1142
849
827
786
754
706
663
663
662
730
1123
1414
1512
1544
1688
1457
1360
1194
1058
1042
985
1020
1075
1183
1080
821
792
752
700
655
639
637
653
762
1057
1298
1443
1499
1648
1256
1085
985
890
920
875
906
871
873
842
693
685
665
634
620
602
604
611
614
620
622
643
638
620
609
581
564
547
515
516
558
599
632
654
648
640
641
618
610
610
608
606
609
609
610
640
636
604
571
567
533
529
520
556
611
634
638
632
643
650
636
619
606
599
598
595
694
693
887
1345
1437
1607
1253
1112
1070
1017
1001
933
960
1056
1093
1076
801
761
749
698
647
636
622
624
690
704
910
1368
1443
1529
1228
1171
1151
1067
1009
970
996
988
991
1030
798
771
742
698
662
637
636
636
703
718
949
1288
1481
1536
1212
1068
1014
966
976
932
930
952
984
999
786
762
744
692
650
642
638
630
632
656
779
1067
1394
1676
1278
1088
1054
982
967
956
1004
989
1007
972
786
753
733
683
645
636
633
630
629
655
808
1050
1458
1584
1168
1011
994
939
935
888
870
824
830
817
671
654
645
629
620
611
604
605
603
605
602
605
600
610
595
588
559
514
508
515
535
560
600
612
627
619
616
610
605
603
607
602
598
604
611
603
599
580
544
522
494
502
483
490
522
562
605
628
626
624
615
605
618
613
602
602
598
640
745
858
1240
1544
1091
1089
1156
1099
1075
1063
1057
1039
1034
1003
815
780
732
686
658
646
646
630
631
664
775
895
1292
1524
1112
1050
1046
987
1063
1036
1053
1045
1057
996
849
804
730
677
641
624
616
618
620
646
757
884
1285
1521
1085
1072
1054
996
975
957
959
980
999
985
781
760
739
671
628
614
602
608
616
641
752
878
1262
1462
1049
1031
1045
988
966
943
945
980
981
978
775
735
729
682
644
635
621
616
616
652
785
889
1261
1507
1046
1031
1073
1028
1028
950
928
854
841
827
680
660
640
624
609
601
599
596
600
597
603
602
613
613
595
588
559
514
497
546
576
579
582
598
604
607
604
599
587
584
583
585
592
587
591
593
589
591
567
544
498
516
568
572
602
595
598
605
617
624
618
609
604
598
595
588
601
638
736
855
1005
1182
1133
1182
1242
1122
1076
1042
1060
1051
1075
1003
783
744
740
689
651
633
636
624
637
825
941
1198
1417
1531
1118
1038
1060
1038
1036
980
995
1027
1032
1017
820
778
738
693
650
625
615
614
615
646
798
1175
1383
1418
1087
1070
1083
1012
986
947
953
983
999
984
800
772
755
695
640
624
613
605
605
639
816
1329
1335
1407
1071
1051
1044
980
948
919
931
954
983
962
768
733
715
672
631
605
604
605
620
631
764
1174
1295
1342
1087
1131
1128
1030
1014
979
972
883
864
810
660
658
647
630
606
624
656
656
645
635
630
627
642
660
655
657
602
587
561
621
604
610
618
615
628
636
635
616
610
600
601
602
596
601
604
601
588
573
548
511
490
505
513
512
532
548
588
612
628
640
639
630
629
624
617
609
621
627
786
1194
1334
1288
1054
1057
1051
962
954
901
924
943
966
986
797
756
743
692
634
617
615
613
615
649
772
879
951
1135
1019
1000
1042
959
935
914
968
975
979
960
782
747
734
684
633
616
610
611
603
634
742
870
944
1141
1069
1120
1078
1016
1025
1008
1009
1015
990
946
746
711
699
666
624
613
608
611
620
641
769
894
960
1192
1166
1154
1096
1057
1033
984
1001
985
1017
982
785
748
729
708
654
633
627
622
638
641
768
877
926
1089
977
944
940
894
926
879
878
818
811
790
648
645
640
635
600
590
588
590
592
589
594
587
575
566
544
524
500
500
491
491
523
542
575
593
608
617
617
606
585
584
582
580
577
582
585
588
579
571
572
584
597
613
596
589
595
590
599
601
624
630
623
614
599
589
588
581
580
616
728
845
852
1080
1014
999
986
891
917
878
898
927
952
959
767
738
714
678
630
612
605
600
617
626
754
865
918
1137
1084
1105
1092
960
978
908
941
960
979
953
767
737
723
672
623
613
606
606
606
639
751
866
910
1085
992
969
931
897
914
853
893
928
950
952
768
734
716
665
612
605
596
591
587
616
736
869
893
1090
989
983
960
932
922
922
918
944
939
926
748
721
703
668
619
603
598
594
597
626
734
870
878
1083
990
949
942
873
928
859
839
816
811
788
660
655
640
624
588
588
580
576
579
581
582
579
574
567
554
534
510
511
492
494
527
551
580
588
604
619
609
611
593
589
589
590
584
585
591
584
566
546
549
541
526
507
499
512
560
584
614
602
616
620
614
612
596
581
586
581
584
611
721
836
865
1066
1024
1062
1054
1007
1014
996
1000
1010
992
963
769
732
713
667
622
604
603
601
601
627
738
853
894
1094
987
966
936
916
949
932
1000
1016
974
952
752
727
703
668
619
596
586
586
598
612
732
852
881
1099
987
957
933
863
902
868
896
908
943
931
753
733
708
658
608
594
580
588
587
617
734
849
902
1095
1011
1005
1013
960
1013
997
1020
1006
990
926
741
719
706
651
607
592
589
587
583
614
740
853
889
1084
988
970
947
878
895
869
886
840
824
812
662
646
637
622
583
578
572
574
570
566
579
580
568
564
579
575
528
531
548
555
586
564
594
604
610
617
611
608
594
581
578
576
573
572
574
569
555
564
552
533
515
513
499
507
550
564
592
600
613
627
627
613
588
582
577
577
579
610
715
824
858
1065
1011
979
936
889
918
903
943
961
976
950
788
736
698
654
596
573
570
569
569
594
711
834
895
1085
1006
989
953
936
976
974
981
991
991
951
761
738
720
673
626
607
601
599
600
624
741
869
896
1087
1003
1014
960
906
930
885
896
914
938
858
735
704
699
668
624
593
593
585
599
596
723
860
898
1080
1000
962
948
883
891
841
872
894
906
901
725
712
702
660
604
588
582
579
583
609
729
827
849
1025
926
926
892
855
858
837
864
821
821
794
654
641
628
621
585
569
568
566
560
561
561
565
562
557
552
536
508
506
485
497
530
551
570
580
608
612
608
606
580
574
570
572
572
568
573
569
563
555
546
534
507
517
499
511
538
582
605
607
624
629
614
620
607
592
588
596
595
598
616
624
623
681
594
579
536
558
544
534
568
598
624
606
637
648
638
614
596
589
586
583
585
606
711
791
816
976
885
886
847
822
830
815
827
832
854
829
695
680
647
633
600
592
591
583
586
579
581
584
579
578
578
563
536
537
520
546
552
598
614
606
629
630
626
621
599
591
593
594
589
614
705
800
783
879
857
848
832
810
811
798
809
813
803
727
650
643
642
635
610
601
602
597
594
592
610
625
620
611
599
588
555
582
575
589
601
606
615
607
629
640
637
644
621
615
617
616
609
604
599
589
578
557
550
540
506
510
485
498
532
554
581
583
609
614
602
596
587
577
573
569
564
572
569
563
558
554
551
537
505
505
489
503
534
565
588
589
604
613
614
615
596
587
586
576
571
601
707
802
817
997
916
895
899
866
895
880
877
892
890
835
691
700
677
663
608
596
585
586
585
586
593
586
600
612
615
609
581
611
776
814
743
644
641
624
635
636
641
642
621
611
612
614
609
639
735
839
891
1084
1036
1048
1029
978
1004
949
966
1007
995
962
773
748
732
676
618
606
600
596
596
621
720
846
897
1085
1057
1073
1047
1003
1022
983
995
1023
1036
939
852
816
781
705
651
638
621
621
618
644
756
882
935
1098
1021
989
962
899
946
918
944
925
875
842
706
707
694
670
639
631
626
623
621
620
619
610
606
593
596
607
603
577
561
569
599
616
628
618
642
652
641
626
604
601
597
599
594
591
603
584
581
582
564
556
529
540
516
527
540
569
591
596
622
626
624
617
592
578
574
574
569
601
706
802
834
1030
976
980
947
891
905
883
929
984
975
948
779
756
731
677
622
602
597
593
590
609
710
816
874
1071
979
963
922
928
977
940
999
1008
982
957
793
774
748
693
637
603
596
603
597
629
724
824
860
1066
985
1025
998
928
971
901
971
973
967
904
744
724
707
678
631
611
607
605
598
623
741
827
864
1066
992
1009
991
936
964
924
957
979
980
924
744
719
721
667
625
608
595
592
597
615
722
828
858
1054
989
965
939
871
899
868
900
873
866
816
687
700
674
639
603
597
591
591
586
586
588
582
578
569
587
594
560
551
538
541
578
591
600
601
620
618
611
626
607
603
593
593
585
583
578
570
572
565
561
557
562
559
534
542
594
599
601
607
624
633
636
635
608
591
591
591
594
609
707
798
832
1018
973
983
939
895
924
927
984
989
994
970
778
766
731
678
629
614
608
605
601
622
721
815
876
1077
988
984
988
916
963
966
1023
1024
1000
946
784
767
725
686
636
627
618
612
612
641
753
862
911
1097
1028
1026
1003
933
976
944
958
981
982
961
758
756
744
696
648
631
626
621
616
641
749
857
886
1070
1009
979
959
878
908
905
947
991
988
934
757
745
732
680
623
599
594
603
595
613
711
806
857
1026
929
937
914
844
861
849
858
815
801
792
642
641
632
618
587
576
571
571
569
573
566
571
562
558
558
726
670
513
529
743
757
802
869
623
607
618
608
606
586
578
580
582
582
575
581
571
561
545
541
548
531
529
521
524
557
580
605
620
628
634
632
630
607
597
591
587
589
614
716
798
844
1045
1069
1157
1140
1089
1158
1165
1204
1304
1249
1180
1001
916
767
698
642
617
609
610
611
619
724
814
875
1094
1102
1162
1168
1119
1181
1177
1266
1277
1115
982
789
766
743
697
643
626
625
616
608
637
731
840
888
1076
1015
1031
1037
969
1024
1080
1093
1080
1015
971
728
779
747
690
644
623
616
617
609
641
737
841
899
1234
1275
1269
1236
1216
1246
1191
1133
1145
1082
1030
785
794
768
708
657
632
627
617
621
634
732
835
882
1050
973
1003
1000
904
915
895
997
927
905
839
686
682
667
646
612
607
603
603
600
599
599
586
594
611
614
633
595
558
558
568
574
590
597
604
622
629
625
615
600
592
586
589
592
583
580
580
579
572
562
567
556
543
525
531
570
582
604
617
621
637
625
618
597
591
590
583
578
602
701
794
813
993
948
913
902
861
862
936
947
956
909
868
710
725
714
664
633
622
618
607
606
610
676
720
652
626
668
678
656
666
642
639
659
651
638
619
636
644
658
643
622
616
611
613
617
632
739
834
880
1061
1059
1070
1073
1012
1020
998
1055
1049
1036
989
798
773
754
693
645
628
616
613
612
631
734
847
875
1076
991
985
957
999
1114
1035
1185
1074
1166
1155
765
771
738
696
631
609
602
604
601
623
722
821
875
1065
988
997
1007
920
959
993
1051
1048
960
891
695
763
701
661
627
610
607
605
610
607
597
595
617
645
669
668
643
643
613
636
646
635
640
619
647
672
670
654
622
617
606
606
607
599
594
583
590
571
570
564
557
560
532
540
576
595
610
613
621
641
649
628
605
591
589
595
587
611
708
820
844
1021
998
973
985
951
968
971
1068
1047
1018
1004
808
800
779
695
641
628
609
603
604
627
715
833
892
1078
1000
1012
1004
961
1042
1036
1116
1104
1036
969
775
781
760
702
654
631
622
617
613
634
744
844
878
1069
974
1010
1010
963
1009
958
992
1021
998
963
783
762
749
697
658
629
620
625
618
628
743
838
864
1045
972
1007
996
966
998
1247
1286
1297
1043
952
764
753
740
683
640
621
617
613
611
636
734
837
858
1054
1008
1104
1410
1321
1429
1422
1440
975
922
896
747
710
687
666
635
629
626
626
626
621
613
616
614
603
602
611
628
593
573
580
621
616
632
642
651
676
672
648
624
622
622
618
616
618
610
607
597
587
589
592
594
591
573
587
624
654
659
658
668
693
695
662
633
627
625
623
620
641
740
824
874
1231
1474
1600
1600
1574
1506
1459
1562
1603
1491
1068
896
826
794
724
670
642
631
631
623
652
741
854
938
1619
1627
1718
1729
1616
1608
1664
1742
1662
1402
1104
874
833
790
732
679
662
659
650
643
664
757
867
909
1193
1517
1555
1534
1478
1504
1491
1516
1542
1373
1090
829
817
798
753
693
667
660
655
652
669
767
896
940
1262
1425
1527
1567
1477
1395
1485
1715
1649
1457
1170
870
842
803
748
687
655
649
649
643
653
755
859
922
1359
1552
1655
1680
1529
1475
1469
1592
1073
985
888
726
713
717
694
659
652
643
638
634
637
643
642
644
650
726
733
715
664
630
640
654
661
674
673
690
696
686
684
670
660
658
657
652
653
652
653
663
660
627
618
613
643
624
639
654
652
677
669
674
684
681
676
667
655
641
639
636
671
754
865
904
1138
1195
1230
1204
1386
1388
1407
1477
1483
1471
1354
1060
951
796
734
695
669
657
658
658
673
774
884
941
1151
1597
1654
1621
1520
1492
1520
1640
1592
1469
1176
859
826
784
740
694
671
660
650
646
673
770
884
920
1134
1457
1517
1545
1498
1391
1396
1426
1448
1422
1141
707
710
681
765
702
675
670
654
654
679
782
898
953
1183
1651
1702
1717
1614
1543
1515
1628
1621
1488
1191
892
899
854
749
702
678
663
660
656
689
795
883
923
1157
1415
1494
1513
1456
1355
1371
1461
1088
963
958
742
724
715
702
677
670
680
679
666
669
668
666
664
665
679
668
674
677
642
661
678
674
683
670
674
694
703
689
662
658
656
651
654
647
648
654
658
660
645
645
646
655
639
666
674
679
692
695
700
706
709
700
682
682
675
669
669
677
789
901
953
1492
1693
1859
1848
1897
1742
1776
1925
1898
1595
1484
1163
1223
961
814
750
729
702
684
690
709
818
945
1011
1488
1733
1825
1879
1808
1729
1638
1672
1676
1536
1194
981
952
872
764
712
687
672
676
672
684
803
931
1068
1832
1912
1862
1911
1859
1734
1664
1675
1654
1519
1176
880
852
822
771
717
688
678
676
668
677
815
925
1084
1698
1648
1792
1812
1716
1636
1738
1781
1742
1627
1226
941
879
815
758
709
686
669
665
662
682
796
922
1068
1682
1657
1757
1740
1631
1579
1590
1639
1229
1074
1045
804
816
756
729
690
678
672
669
662
658
667
682
679
690
776
809
783
753
684
670
668
664
679
680
700
704
696
690
682
671
666
668
668
664
665
663
657
650
667
669
660
657
664
669
664
659
677
675
688
712
708
699
684
668
664
653
656
674
793
930
1068
1710
1690
1699
1835
1820
1729
1672
1725
1765
1699
1439
1094
1163
925
836
771
709
697
707
689
705
823
954
1088
1686
1703
1758
1825
1790
1705
1691
1759
1833
1771
1284
929
977
858
784
733
703
688
678
673
691
808
940
1387
1901
1841
1788
1782
1742
1738
1661
1669
1657
1610
1156
891
889
842
781
726
701
687
680
675
686
790
915
1105
1704
1761
1835
1754
1681
1629
1593
1639
1655
1583
1225
919
879
819
760
702
683
674
667
661
684
786
934
1080
1716
1635
1642
1639
1552
1577
1626
1683
1284
1066
1006
763
733
712
700
672
664
656
650
653
654
648
655
657
672
652
664
663
677
661
652
662
671
679
682
679
688
679
677
660
652
653
654
654
653
655
655
657
699
688
671
662
663
642
667
683
692
699
700
706
725
716
714
693
676
666
666
667
683
806
918
1121
1757
1762
1789
1752
1774
1694
1632
1740
1805
1691
1448
1071
998
810
751
701
681
674
665
665
683
801
941
1072
1669
1762
1837
1826
1738
1641
1623
1755
1741
1675
1248
895
970
810
779
715
689
677
668
670
689
796
947
1099
1741
1772
1841
1864
1777
1657
1601
1631
1643
1616
1197
888
858
818
765
729
704
694
686
682
695
814
940
1097
1873
1926
1997
2071
1827
1800
1785
1913
1928
1830
1296
943
960
817
777
740
707
693
680
682
699
822
955
1175
1981
2017
1948
2011
1873
1710
1619
1650
1378
1112
1029
840
785
748
721
696
680
669
671
663
656
667
679
688
701
784
805
769
726
871
892
891
875
800
763
769
769
761
753
747
741
740
738
732
727
730
732
738
739
756
757
750
758
741
758
772
760
783
785
777
774
780
721
692
675
677
668
667
693
802
925
1091
1729
1658
1904
1992
1876
1976
1923
1909
1920
1733
1239
904
859
827
764
733
716
690
686
681
699
811
1018
1553
2015
1944
1970
2061
2039
1971
2117
1957
1870
1768
1213
842
810
780
745
688
666
657
650
646
671
778
906
1291
1867
1818
1808
1856
1836
1767
1717
1750
1795
1568
1148
797
839
783
721
673
649
642
633
627
651
762
875
1275
1772
1678
1703
1741
1669
1635
1616
1637
1693
1504
1131
852
802
763
721
683
655
647
649
649
666
787
906
1051
1849
1711
1746
1788
1745
1726
1728
1664
992
893
878
727
714
678
664
648
641
638
627
632
634
633
624
639
644
636
630
658
659
649
641
660
667
663
645
647
658
641
636
638
635
630
628
627
626
616
628
639
642
649
641
633
659
655
629
651
660
678
675
688
804
742
665
651
639
631
626
627
657
781
922
1029
1859
1815
1895
1892
1802
1728
1681
1743
1731
1548
1187
873
846
790
715
670
652
650
647
641
664
786
932
1082
1861
1749
1856
1888
1788
1795
1747
1822
1822
1652
1195
925
957
825
764
707
681
674
662
652
676
801
931
1273
1723
1696
1735
1767
1735
1641
1567
1560
1586
1523
1135
833
816
778
732
685
667
661
651
646
667
785
924
1235
1703
1627
1652
1629
1524
1686
1706
1860
1845
1628
1240
872
846
805
745
702
672
663
658
648
677
781
933
1211
1699
1668
1774
1780
1650
1567
1560
1705
1429
1099
986
770
849
844
704
672
660
647
646
640
643
647
650
650
648
642
643
612
644
631
637
671
674
679
682
690
701
680
669
661
654
654
648
652
645
646
640
647
637
631
624
603
628
618
629
652
692
694
689
694
709
709
687
665
665
657
643
641
667
831
1374
1516
1803
1734
1838
1846
1742
1658
1619
1705
1711
1639
1238
923
860
813
763
706
690
670
658
650
680
803
1366
1511
1798
1725
1766
1768
1775
1682
1633
1701
1735
1639
1295
967
860
811
759
711
685
685
671
669
670
838
1480
1618
1847
1765
1804
1800
1749
1678
1585
1585
1600
1516
1116
834
806
764
726
692
678
669
660
667
683
796
1017
1558
1810
1716
1735
1754
1720
1676
1643
1693
1697
1625
1190
898
859
798
732
686
670
667
652
643
658
778
1018
1495
1806
1670
1678
1631
1544
1573
1616
1588
1192
1001
937
747
732
710
675
649
634
631
629
628
623
631
629
628
629
623
623
579
590
597
616
633
658
655
651
662
670
650
643
639
631
635
625
629
632
630
623
616
611
627
639
647
652
648
637
656
652
664
662
679
672
659
657
657
646
638
641
641
659
779
927
1407
1656
1655
1677
1694
1672
1610
1551
1565
1558
1408
952
731
706
683
657
632
623
626
620
616
618
623
626
628
623
649
649
634
653
636
639
658
646
649
640
660
671
669
649
630
628
627
618
615
649
765
879
1189
1684
1662
1734
1650
1600
1547
1527
1580
1533
1511
1147
922
880
772
715
675
655
637
634
640
658
780
913
1263
1778
1665
1772
1774
1737
1698
1744
1765
1711
1609
1111
832
800
775
722
677
659
650
652
650
674
820
938
1282
1725
1748
1752
1781
1834
1774
1724
1559
1477
1108
918
759
744
711
682
655
648
640
639
633
634
640
643
656
668
664
650
626
646
622
640
664
681
680
676
681
683
659
661
657
654
656
646
642
645
641
644
647
651
649
647
645
685
665
709
725
723
723
742
747
754
753
732
681
672
663
658
655
693
809
981
1740
2015
1929
1948
1997
1966
1915
1849
1788
1752
1592
1363
1078
986
835
778
735
693
691
677
683
702
830
1029
1574
1788
1665
1699
1739
1737
1637
1639
1641
1644
1598
1192
906
870
822
780
729
690
684
681
670
697
839
970
1447
1786
1699
1725
1817
1803
1680
1689
1726
1736
1699
1188
939
924
882
828
744
712
697
680
684
714
842
990
1640
1979
1878
1899
1952
1960
1809
1775
1779
1781
1595
1161
855
817
763
726
698
680
668
667
675
685
809
980
1534
1799
1673
1695
1734
1699
1602
1520
1449
964
901
901
738
741
717
700
667
660
647
647
647
647
653
641
628
627
633
603
572
583
561
577
600
617
652
659
676
674
658
650
638
643
627
627
624
620
628
625
618
616
610
587
575
580
584
588
616
638
660
670
698
697
668
654
647
642
635
639
631
673
787
915
1289
1675
1639
1698
1771
1802
1680
1635
1684
1708
1603
1207
924
879
810
754
705
678
661
662
661
678
805
933
1278
1789
1731
1727
1800
1798
1641
1594
1652
1669
1558
1146
855
809
779
722
678
655
645
646
647
674
805
917
1005
1171
1084
1141
1199
1233
1079
1039
1037
1038
1074
1048
787
839
750
702
652
643
633
628
624
649
771
888
953
1135
1262
1540
1588
1570
1468
1417
1528
1559
1423
1084
825
786
750
714
657
641
636
631
625
664
795
897
936
1145
1072
1377
1431
1439
1328
1300
1261
995
992
908
721
733
695
677
644
633
630
625
622
620
626
627
620
606
661
649
638
624
594
594
609
631
657
656
678
660
646
646
642
634
633
630
626
628
631
621
610
608
601
570
550
569
545
586
605
616
640
658
678
689
652
644
639
632
630
623
624
656
764
876
903
1112
1035
1326
1518
1519
1411
1376
1466
1492
1407
1153
865
818
766
706
656
640
637
633
633
661
789
896
942
1181
1489
1645
1672
1643
1557
1533
1557
1569
1370
1094
836
790
746
721
675
660
647
649
642
672
781
909
966
1221
1463
1260
1526
1489
1453
1505
1486
1481
1150
1024
779
756
730
701
656
643
639
631
630
654
781
892
942
1144
1566
1592
1670
1638
1576
1486
1558
1611
1399
1112
844
789
755
716
671
644
637
628
630
666
774
898
922
1135
1541
1571
1586
1542
1478
1463
1507
1062
1006
959
781
761
716
672
649
635
628
627
625
622
628
631
623
614
607
592
591
622
611
627
683
674
653
654
674
678
661
649
644
635
636
642
666
664
675
672
645
618
632
626
620
663
651
689
768
747
699
702
701
709
679
662
660
640
640
642
641
668
798
886
933
1160
1391
1453
1448
1410
1360
1356
1369
1243
1178
1055
868
815
754
721
664
642
633
630
627
655
792
897
926
1186
1417
1554
1617
1599
1535
1466
1488
1523
1346
1043
824
800
754
706
650
635
630
623
617
663
778
904
929
1213
1496
1519
1501
1528
1470
1419
1435
1458
1241
1033
815
783
760
715
660
642
637
630
634
664
777
866
910
1152
1066
1069
1258
1340
1398
1342
1346
1344
1095
1001
807
762
742
702
655
640
625
648
638
656
796
871
907
1131
1006
1028
1087
1533
1486
1393
1165
874
868
837
719
707
692
663
634
621
620
617
621
620
624
616
615
621
615
631
615
609
588
604
629
629
636
645
673
663
668
669
637
632
630
625
623
624
630
633
646
639
656
663
650
634
635
644
655
659
669
666
678
682
678
663
649
638
642
630
626
656
761
854
881
1087
1061
1420
1448
1507
1442
1420
1494
1543
1185
1092
831
815
791
724
670
643
633
637
633
656
784
898
936
1109
1023
1056
1510
1489
1433
1426
1497
1512
1212
1113
830
810
802
736
663
646
646
636
640
673
792
901
932
1130
1030
1067
1115
1065
1446
1383
1450
1501
1189
1073
803
784
776
726
659
640
626
622
617
644
775
862
872
1082
987
1065
1482
1457
1401
1367
1379
1396
1092
1044
800
761
747
703
647
627
619
613
615
647
774
851
868
1075
1059
1083
1075
1066
1009
1276
1347
876
873
887
705
696
677
650
631
625
622
631
620
622
622
613
609
596
605
590
568
581
552
562
608
614
643
645
670
667
663
648
639
630
627
619
619
617
622
619
622
622
609
594
567
607
592
600
602
627
654
661
684
678
686
662
652
640
629
625
628
658
770
867
906
1100
1029
1132
1489
1480
1465
1411
1519
1574
1248
1143
1081
894
770
720
666
653
639
636
634
666
785
906
922
1132
1033
1041
1289
1605
1561
1537
1539
1600
1173
1060
821
792
761
725
669
644
641
642
644
673
791
883
930
1160
1134
1187
1195
1139
1098
1068
1086
1108
1083
1035
780
750
762
708
658
642
648
635
636
662
803
888
909
1127
1038
1028
1084
1040
972
938
993
1004
1006
1018
779
758
738
714
652
636
626
624
621
652
783
872
882
1068
946
978
1020
1008
940
787
781
763
762
785
626
625
618
617
593
589
598
588
588
587
585
577
571
571
539
517
518
515
513
513
549
575
607
616
633
639
624
611
594
593
589
592
588
591
594
577
578
575
574
576
581
600
583
591
604
601
607
605
614
618
613
609
598
597
604
605
609
607
617
621
620
632
624
632
617
592
601
604
622
621
626
642
641
645
644
637
622
621
612
617
620
614
617
628
626
632
589
611
550
567
572
569
595
622
625
636
643
638
636
630
614
613
608
609
606
617
623
616
608
616
598
556
561
575
580
573
592
612
626
627
636
634
634
633
620
604
606
614
607
613
618
612
621
607
586
565
609
622
612
621
654
646
649
651
661
664
656
646
625
615
613
610
611
618
616
623
633
643
637
639
633
625
614
621
650
652
657
670
660
662
668
639
623
621
612
612
609
605
613
627
619
614
631
623
604
560
607
615
636
646
659
658
666
680
646
644
625
620
623
614
617
619
620
618
623
611
626
590
545
541
553
594
609
669
683
684
678
684
670
659
630
618
623
627
624
620
627
621
615
643
609
588
582
602
614
595
680
714
750
737
675
674
682
685
661
646
642
626
625
654
777
881
908
1113
1054
1050
1096
1062
1043
1012
1010
1058
1047
1053
819
790
773
722
666
648
643
638
647
670
804
904
932
1154
1057
1074
1108
1069
1064
1004
1028
1036
1024
1050
873
822
812
783
728
687
674
654
653
687
800
904
950
1158
1079
1117
1152
1122
1097
1026
1063
1079
1040
1045
846
831
785
694
662
652
650
645
642
660
788
879
914
1100
973
973
989
967
963
890
931
917
896
890
703
695
665
639
622
613
610
609
605
611
612
619
612
599
562
542
535
540
549
565
583
608
629
646
659
667
646
622
620
618
619
617
615
611
621
621
634
619
620
628
596
606
592
609
636
642
669
690
697
701
697
660
652
637
636
632
636
670
772
869
911
1099
1033
1046
1068
1049
1055
950
1000
1025
1047
1088
936
897
863
833
815
781
768
758
740
747
824
904
980
1098
964
983
986
990
996
954
973
1005
1018
1067
830
771
751
700
659
643
636
636
643
660
781
906
914
1145
1030
1061
1071
1031
1073
999
1037
1027
1021
1042
809
778
745
693
653
648
644
632
640
656
770
910
902
1114
1019
978
1026
996
1025
1024
1048
1035
1052
1066
807
788
761
711
666
648
647
637
639
669
782
896
924
1128
993
1002
1012
981
971
917
898
863
875
893
736
727
702
655
639
630
615
619
618
621
624
628
617
593
558
561
561
570
582
636
630
612
634
641
658
678
655
627
619
610
610
606
605
606
611
615
613
590
687
1036
1050
635
594
612
595
631
639
663
671
653
644
629
623
618
612
610
601
632
742
851
861
1057
966
954
949
943
962
921
939
966
993
1031
782
753
738
691
639
622
617
609
615
642
758
875
899
1098
1029
1029
1025
1029
1071
1003
959
980
993
1024
799
759
733
700
652
636
632
629
624
640
774
892
918
1093
999
996
1016
958
962
933
966
978
996
1028
723
748
738
687
640
634
616
616
618
636
766
894
900
1129
1032
1043
1063
990
963
973
982
1012
1003
1032
788
768
760
687
650
631
634
626
633
645
776
888
905
1100
952
995
990
987
1022
947
927
868
848
880
709
688
667
650
635
623
620
621
616
614
618
629
626
619
570
568
543
626
600
588
636
631
629
645
646
652
646
621
636
623
612
619
624
622
621
622
609
592
555
543
533
572
594
558
585
594
621
628
631
632
646
619
619
610
606
604
605
627
804
1172
1425
1632
1484
1200
994
982
1000
903
933
947
996
1041
812
774
774
703
662
644
634
630
624
656
776
970
1457
1688
1169
982
989
985
1009
935
973
982
1013
1038
793
765
744
686
652
637
632
624
631
659
843
980
1470
1584
1132
1035
1039
944
962
916
938
962
988
1017
792
767
741
688
659
646
634
637
640
659
830
925
967
1146
1047
1023
1009
1006
987
923
955
975
1009
1024
788
775
741
694
646
628
621
617
622
638
825
927
952
1089
983
1007
1018
1043
1035
960
970
899
874
869
684
690
683
628
612
611
604
598
595
597
610
616
608
607
552
566
523
534
527
560
577
595
634
638
650
693
682
654
626
613
612
602
600
608
611
633
605
580
550
563
534
529
539
547
565
583
620
648
659
666
647
627
627
619
614
618
617
645
1071
1341
1516
1636
1502
1374
1111
1004
1019
970
1015
1024
1061
1070
860
807
772
717
669
644
632
634
636
662
885
1371
1517
1641
1503
1181
1039
1009
1030
955
1016
1052
1063
1078
838
808
765
710
652
634
630
625
628
670
842
950
989
1155
1086
1102
1074
992
1011
966
996
1017
1019
1029
807
797
778
690
651
638
625
626
618
654
1061
1363
1495
1590
1370
1089
1028
994
1001
946
968
984
1009
1051
818
783
751
707
652
645
631
640
637
654
862
1245
1488
1624
1333
1068
983
945
976
934
935
866
839
845
681
669
662
636
611
610
606
607
598
600
615
631
632
593
586
589
576
580
566
597
640
657
698
678
674
666
654
613
609
610
610
616
606
608
618
629
633
608
588
566
557
556
559
599
626
662
662
661
659
646
648
631
620
624
615
612
611
706
1254
1319
1506
1665
1592
1404
1297
1147
1095
1063
1090
1072
1123
1123
828
810
765
698
666
653
635
638
637
659
1064
1414
1528
1674
1522
1307
1076
1068
1040
1074
1147
1170
1170
1098
829
781
763
697
657
631
623
619
620
648
1118
1419
1511
1664
1575
1422
1398
1395
1357
1286
1348
1187
1161
1124
852
822
797
723
684
656
655
651
645
673
1055
1410
1519
1622
1532
1365
1283
1261
1233
1160
1192
1102
1159
1145
874
870
840
773
725
698
695
683
680
688
1121
1446
1587
1741
1620
1410
1364
1352
1274
1088
1042
982
941
858
746
762
720
680
648
635
637
640
645
639
650
665
672
643
603
628
604
583
583
604
649
666
704
711
720
714
702
686
684
685
682
681
669
675
685
692
696
654
870
588
566
572
585
614
662
684
705
710
717
710
717
702
693
675
675
671
698
706
1217
1413
1588
1782
1676
1484
1481
1436
1349
1193
1268
1262
1197
1155
865
821
786
717
680
664
646
641
676
1079
1282
1399
1550
1738
1578
1496
1385
1286
1286
1237
1261
1261
1244
1103
834
813
787
727
680
665
645
653
661
1102
1276
1377
1524
1749
1654
1594
1599
1549
1552
1520
1510
1513
1402
1131
833
806
783
721
690
655
646
650
656
924
1317
1421
1550
1663
1601
1600
1566
1549
1520
1440
1515
1613
1466
1226
874
880
824
750
704
683
664
665
711
766
1300
1471
1578
1749
1694
1593
1561
1522
1485
1422
1357
1079
950
941
741
722
693
665
635
634
628
627
624
629
629
654
671
660
915
685
630
587
593
630
667
695
715
730
720
709
681
651
635
628
623
630
633
642
646
664
658
651
629
606
595
646
637
623
642
648
652
660
657
663
655
638
640
632
639
663
871
1039
1305
1443
1546
1795
1674
1619
1545
1419
1477
1375
1406
1489
1243
1160
867
846
827
776
713
700
690
686
688
823
1312
1436
1598
1783
1660
1631
1559
1492
1447
1337
1369
1399
1302
1166
870
842
815
757
701
665
661
657
662
696
952
1453
1580
1780
1621
1517
1417
1375
1359
1333
1381
1376
1349
1323
817
739
904
798
718
705
681
697
1123
1116
1304
1421
1629
1835
1734
1621
1545
1500
1464
1355
1373
1399
1279
1183
851
844
828
745
680
661
654
657
675
1000
1309
1463
1573
1747
1607
1570
1518
1424
1339
1119
988
916
908
913
757
744
705
669
650
647
653
647
650
644
657
684
714
693
654
648
615
591
584
605
654
682
696
701
710
726
702
663
669
649
649
647
644
643
653
653
677
676
678
696
633
657
608
653
669
687
686
699
726
712
691
669
654
655
650
642
1028
1145
1315
1439
1596
1803
1747
1711
1651
1591
1481
1419
1495
1516
1420
1202
870
816
802
745
697
679
673
672
696
911
1313
1486
1666
1879
1730
1675
1618
1498
1463
1426
1446
1417
1241
1173
909
898
845
732
695
686
681
680
694
1112
1339
1487
1680
1918
1836
1710
1562
1430
1549
1463
1418
1332
1314
1188
912
874
853
763
730
716
704
705
713
806
1342
1503
1744
1883
1780
1771
1687
1545
1539
1427
1447
1377
1282
1154
858
834
808
736
692
673
669
660
672
1083
1312
1461
1678
1789
1628
1543
1521
1481
1432
1399
1309
977
1021
954
815
790
753
720
677
671
672
666
665
658
668
699
704
713
726
724
640
612
654
701
736
730
736
734
762
744
714
690
671
664
679
670
675
669
678
697
701
709
695
704
633
681
720
706
719
662
687
685
735
722
711
683
695
691
661
783
1072
1105
1320
1458
1726
1904
1796
1706
1665
1663
1625
1596
1552
1563
1564
1231
916
848
835
767
736
727
713
966
1098
1135
1336
1517
1739
1854
1800
1742
1664
1612
1584
1607
1596
1498
1637
1238
899
883
872
804
768
756
736
845
1143
1216
1332
1500
1742
1859
1751
1721
1730
1723
1773
1679
1656
1633
1645
1243
973
918
899
813
738
733
863
1009
1130
1168
1316
1501
1773
1927
1809
1759
1693
1562
1585
1503
1511
1571
1665
1281
942
930
876
806
747
798
862
1176
1167
1173
1307
1473
1743
1864
1785
1759
1598
1571
1513
1398
1227
985
1039
972
798
743
742
711
703
716
678
681
674
678
690
700
685
698
634
646
632
589
573
605
648
677
705
712
753
746
735
720
708
709
713
707
694
709
705
723
702
683
628
602
581
588
608
627
656
686
735
744
777
769
747
716
748
1007
1034
1140
1175
1218
1396
1550
1795
1966
1915
1820
1757
1762
1681
1509
1453
1459
1575
1384
1005
906
870
798
783
1263
1208
1228
1200
1140
1309
1559
1691
1851
1843
1802
1730
1605
1584
1495
1457
1481
1586
1255
999
935
896
824
770
816
977
1025
1137
1048
1334
1600
1755
1908
1801
1767
1735
1591
1560
1529
1520
1528
1469
1239
976
917
884
828
773
809
797
948
1116
1154
1300
1420
1621
1869
1751
1710
1601
1559
1537
1476
1469
1462
1470
1326
1025
960
840
766
723
777
787
980
1112
1098
1216
1372
1625
1841
1671
1563
1536
1538
1402
1203
1069
974
1027
946
772
742
736
716
698
686
683
687
690
692
691
710
706
701
660
634
618
595
584
607
633
659
671
678
716
688
697
690
691
671
679
676
681
686
681
701
690
700
726
752
715
723
702
681
703
714
720
702
765
732
720
687
671
677
663
669
659
694
693
699
710
714
642
629
624
612
593
607
629
663
709
733
777
771
720
699
716
846
850
962
1024
1065
1284
1453
1717
1893
1789
1760
1729
1658
1535
1442
1359
1411
1445
1202
939
888
861
819
771
833
1172
1162
1150
1158
1305
1544
1806
1952
1772
1724
1691
1627
1590
1448
1401
1497
1495
1196
890
918
843
793
745
1030
1034
1033
1042
1091
1259
1474
1732
1874
1799
1770
1714
1670
1663
1560
1535
1563
1466
1207
828
835
828
769
724
762
780
950
1073
1059
1196
1419
1686
1865
1804
1770
1699
1462
1120
928
907
899
925
851
743
751
737
695
673
662
657
671
658
665
680
694
710
701
687
660
657
664
656
653
676
675
679
688
699
693
689
665
645
673
670
649
648
642
667
676
681
670
620
612
590
586
557
607
612
642
675
677
691
696
679
655
655
