0
0
0
0
0
0
0
0
0
0.03825822
0.086714102
0.096814928
0.242577919
0.221074117
0.370194849
0.233700508
0.459308689
0
0
0
0
0
0
0
0
0
0
0
0
0
0
0
0
0.033330094
0.102769136
0.136098496
0.225495558
0.280176545
0.230920409
0.077065811
0.459996998
0
0
0
0
0
0
0
0
0
0
0
0
0
0
0
0
0.01413073
0.045323983
0.071623025
0.156185467
0.187046924
0.382520825
0.346435363
0.460723008
0
0
0
0
0
0
0
0
0
0
0
0
0
0
0
0
0.033166487
0.152130513
0.232957479
0.402789832
0.689908915
0.716614676
0.768617596
0.461484735
0
0
0
0
0
0
0
0
0
0
0
0
0
0
0
0
0.026076465
0.081719218
0.149822547
0.339950757
0.43493566
0.623049144
0.769436175
0.462280268
0
0
0
0
0
0
0
0
0
0
0
0
0
0
0
0
0.030883712
0.165078865
0.174186814
0.201421672
0.197816302
0.285615869
0.406782938
0.463107781
0
0
0
0
0
0
0
0
0
0
0
0
0
0
0
0
0.055254172
0.18567977
0.37974389
0.577080501
0.710843497
0.797346926
0.771196826
0.463965535
0
0
0
0
0
0
0
0
0
0
0
0
0
0
0
0
0.052469044
0.178185193
0.359142103
0.558561209
0.737616964
0.799303363
0.772136761
0.464851884
0
0
0
0
0
0
0
0
0
0
0
0
0
0
0
0
0.05272845
0.185496573
0.363249215
0.585187833
0.461377526
0.733500739
0.480841741
0.465765269
0
0
0
0
0
0
0
0
0
0
0
0
0
0
0
0
0.026284137
0.086194054
0.161258242
0.479699627
0.720823919
0.798231675
0.774130162
0.466704218
0
0
0
0
0
0
0
0
0
0
0
0
0
0
0
0
0.052423821
0.187983473
0.360965316
0.579658096
0.739081684
0.828229059
0.77518122
0.467667338
0
0
0
0
0
0
0
0
0
0
0
0
0
0
0
0
0.05004557
0.191403559
0.395003936
0.598685601
0.741913257
0.79621167
0.776266846
0.468653312
0
0
0
0
0
0
0
0
0
0
0
0
0
0
0
0
0.047656145
0.177391055
0.357411244
0.477996009
0.518049837
0.299460404
0.1257327
0.293235842
0
0
0
0
0
0
0
0
0
0
0
0
0
0
0
0
0.067418833
0.22217264
0.402435796
0.560094783
0.711492398
0.758149666
0.661502811
0.470688874
0
0
0
0
0
0
0
0
0
0
0
0
0
0
0
0
0.02128005
0.057371206
0.16131998
0.526957162
0.674176102
0.725825675
0.732398223
0.471736129
0
0
0
0
0
0
0
0
0
0
0
0
0
0
0
0
0.016488284
0.05253582
0.069236521
0.10203929
0.224533536
0.198750731
0.334301513
0.472801555
0
0
0
0
0
0
0
0
0
0
0
0
0
0
0
0
0.021117455
0.081127878
0.16385554
0.149274686
0.147251307
0.108922266
0.176890905
0.317623659
0
0
0
0
0
0
0
0
0
0
0
0
0
0
0
0
0.00946563
0.049678875
0.201673053
0.34805898
0.44708711
0.84716549
0.57247112
0.474982717
0
0
0
0
0
0
0
0
0
0
0
0
0
0
0
0
0.067322908
0.211434935
0.427516044
0.642406935
0.797222823
0.864268972
0.784720695
0.476096421
0
0
0
0
0
0
0
0
0
0
0
0
0
0
0
0
0.062137548
0.181892647
0.359801929
0.557313603
0.540703624
0.420441442
0.425845093
0.477224221
0
0
0
0
0
0
0
0
0
0
0
0
0
0
0
0
0.025911581
0.078869162
0.14057814
0.312609617
0.56631188
0.720000781
0.645210152
0.478365151
0
0
0
0
0
0
0
0
0
0
0
0
0
0
0
0.002388587
0.057313583
0.177635898
0.351227899
0.341258889
0.567880614
0.700729753
0.59136732
0.479518254
0
0
0
0
0
0
0
0
0
0
0
0
0
0
0
0.0024144
0.059664642
0.212669237
0.398315292
0.614955762
0.781575952
0.843505353
0.790095971
0.480682581
0
0
0
0
0
0
0
0
0
0
0
0
0
0
0
0.002440819
0.057215499
0.16803767
0.367659747
0.546655894
0.72166017
0.800479324
0.791486541
0.48185719
0
0
0
0
0
0
0
0
0
0
0
0
0
0
0
0.002467829
0.066936932
0.204219999
0.400085341
0.590791839
0.755955852
0.795179334
0.792892686
0.483041143
0
0
0
0
0
0
0
0
0
0
0
0
0
0
0
0
0.018713742
0.061884527
0.078674111
0.189689493
0.304125075
0.580736198
0.36858682
0.484233502
0
0
0
0
0
0
0
0
0
0
0
0
0
0
0
0.002523565
0.057083114
0.170651719
0.300304293
0.378753544
0.487374952
0.380633272
0.668133883
0.48543333
0
0
0
0
0
0
0
0
0
0
0
0
0
0
0
0
0.01656111
0.126728575
0.195662033
0.277886903
0.251308328
0.195066668
0.372781539
0.486639691
0
0
0
0
0
0
0
0
0
0
0
0
0
0
0
0
0.031032575
0.104777851
0.093655029
0.115608403
0.124244678
0.137689755
0.135203495
0.346230964
0
0
0
0
0
0
0
0
0
0
0
0
0
0
0
0.002294329
0.062013814
0.167143603
0.336635543
0.490986872
0.528153319
0.40989784
0.244745791
0.489068256
0
0
0
0
0
0
0
0
0
0
0
0
0
0
0
0.002320789
0.049782474
0.157561541
0.282757426
0.518102083
0.586689095
0.65985688
0.707033535
0.490288582
0
0
0
0
0
0
0
0
0
0
0
0
0
0
0
0.002347672
0.052242892
0.233241456
0.425246701
0.59749071
0.753092044
0.84395077
0.803038602
0.491511682
0
0
0
0
0
0
0
0
0
0
0
0
0
0
0
0.004754735
0.079189962
0.228847278
0.417550466
0.605193128
0.740876225
0.818751338
0.804512228
0.492736613
0
0
0
0
0
0
0
0
0
0
0
0
0
0
0
0.004810109
0.047391872
0.151858868
0.330354348
0.595402914
0.679708589
0.768655402
0.746710049
0.493962435
0
0
0
0
0
0
0
0
0
0
0
0
0
0
0
0.004866246
0.06937444
0.200122262
0.361064433
0.512998737
0.694446066
0.653544175
0.693659573
0.495188205
0
0
0
0
0
0
0
0
0
0
0
0
0
0
0
0.004923117
0.08119055
0.223779292
0.344813209
0.221616131
0.41610565
0.794592149
0.786269201
0.496412985
0
0
0
0
0
0
0
0
0
0
0
0
0
0
0
0.004635554
0.083495365
0.237153783
0.417332671
0.612728219
0.733445327
0.793637675
0.788557494
0.497635836
0
0
0
0
0
0
0
0
0
0
0
0
0
0
0
0.004689643
0.081457335
0.243852086
0.439981935
0.626324553
0.752380771
0.813690313
0.811868913
0.498855825
0
0
0
0
0
0
0
0
0
0
0
0
0
0
0
0.004744333
0.069014221
0.180062692
0.250537489
0.335638631
0.389966261
0.135965335
0.145566364
0.396251205
0
0
0
0
0
0
0
0
0
0
0
0
0
0
0
0.007023255
0.086160365
0.24615166
0.434271728
0.634051017
0.787880446
0.790645136
0.814777602
0.5012835
0
0
0
0
0
0
0
0
0
0
0
0
0
0
0
0.011982055
0.153621811
0.28841481
0.437833371
0.630098109
0.787766526
0.830264079
0.803543279
0.502489343
0
0
0
0
0
0
0
0
0
0
0
0
0
0
0
0.004911742
0.061831063
0.197853859
0.311751357
0.395125956
0.28625264
0.409032027
0.220366749
0.499238909
0
0
0
0
0
0
0
0
0
0
0
0
0
0
0
0
0.002209654
0.014102805
0.023643144
0.03997862
0.037981153
0.057208486
0.037921173
0.019239222
0
0
0
0
0
0
0
0
0
0
0
0
0
0
0
0.0046508
0.035766615
0.066706049
0.087639487
0.139861925
0.159188667
0.364275698
0.101074628
0.04698992
0
0
0
0
0
0
0
0
0
0
0
0
0
0
0
0
0.004494804
0.030715842
0.0329815
0.061644482
0.21857039
0.204721525
0.182231219
0.073925988
0
0
0
0
0
0
0
0
0
0
0
0
0
0
0
0.014307896
0.123814382
0.319495538
0.540109894
0.736228818
0.852353319
0.877335224
0.823233766
0.508402419
0
0
0
0
0
0
0
0
0
0
0
0
0
0
0
0.007219729
0.056933678
0.090719426
0.209794687
0.209794687
0.153799084
0.179920676
0.263858989
0.502846194
0
0
0
0
0
0
0
0
0
0
0
0
0
0
0
0.016684159
0.132152886
0.29662934
0.473059499
0.618467031
0.806751828
0.883321459
0.825925354
0.510697026
0
0
0
0
0
0
0
0
0
0
0
0
0
0
0
0.014397079
0.095956274
0.169848944
0.191712863
0.243740612
0.33096628
0.198452469
0.312114836
0.399611911
0
0
0
0
0
0
0
0
0
0
0
0
0
0
0
0.009558197
0.050044572
0.120700787
0.144965892
0.131484826
0.096090631
0.073860505
0.079041432
0.062465712
0
0
0
0
0
0
0
0
0
0
0
0
0
0
0
0.009256367
0.069050159
0.236267537
0.435805628
0.586576991
0.724492631
0.755616565
0.720439393
0.514042125
0
0
0
0
0
0
0
0
0
0
0
0
0
0
0
0.018755262
0.131995347
0.323513299
0.528846696
0.725688062
0.835290322
0.818364614
0.83105538
0.515128121
0
0
0
0
0
0
0
0
0
0
0
0
0
0
0
0.011623244
0.066523288
0.104251538
0.155325863
0.229463579
0.23818366
0.203277012
0.083913149
0.088230921
0
0
0
0
0
0
0
0
0
0
0
0
0
0
0
0.006956668
0.042543117
0.212995526
0.411563283
0.481735385
0.637384144
0.745924331
0.699032726
0.517251927
0
0
0
0
0
0
0
0
0
0
0
0
0
0
0
0.021158419
0.148451806
0.340635793
0.527758218
0.73237548
0.852028224
0.89105092
0.834643981
0.518288258
0.13059806
0
0
0
0
0
0
0
0
0
0
0
0
0
0
0.021382555
0.120811229
0.289450764
0.4662073
0.588684744
0.504931758
0.438137114
0.204478742
0.185030408
0.148964739
0
0
0
0
0
0
0
0
0
0
0
0
0
0
0.016643362
0.126195219
0.306318259
0.502590391
0.671315086
0.750473234
0.801005356
0.759227243
0.520306231
0.153170036
0
0
0
0
0
0
0
0
0
0
0
0
0
0
0.009533889
0.068599442
0.115123482
0.186110209
0.457429386
0.508695977
0.519654358
0.610075868
0.521286514
0.155396754
0
0
0
0
0
0
0
0
0
0
0
0
0
0
0.009632544
0.069117886
0.136836863
0.160649065
0.185411941
0.059201067
0.083209458
0.040111508
0.011734681
0.030981754
0
0
0
0
0
0
0
0
0
0
0
0
0
0
0.033073843
0.170826044
0.37003579
0.56719092
0.758366908
0.861120882
0.861316897
0.677030507
0.523186442
0.15823311
0
0
0
0
0
0
0
0
0
0
0
0
0
0
0.009375938
0.052061155
0.197707748
0.222697352
0.273930253
0.405733164
0.737494301
0.643971495
0.524104861
0.159337005
0
0
0
0
0
0
0
0
0
0
0
0
0
0
0.004732194
0.035552201
0.092872443
0.174379029
0.296159316
0.32695899
0.512486559
0.669133333
0.525001473
0.1603405
0
0
0
0
0
0
0
0
0
0
0
0
0
0
0.023502245
0.147771529
0.319684512
0.495828995
0.572621804
0.737997297
0.791904572
0.709760919
0.525875722
0.161277018
0
0
0
0
0
0
0
0
0
0
0
0
0
0
0.011609568
0.071131465
0.075644202
0.117038948
0.059229037
0.049335244
0.05898191
0.016611002
0.004730347
0.002409212
0
0
0
0
0
0
0
0
0
0
0
0
0
0
0.016611002
0.087728996
0.303215898
0.44308407
0.635864473
0.792282504
0.832638766
0.750471462
0.527555041
0.163018458
0
0
0
0
0
0
0
0
0
0
0
0
0
0
0.011834573
0.054701687
0.098247017
0.114580489
0.188561574
0.082662797
0.063899274
0.090720024
0.062337373
0.163842687
0
0
0
0
0
0
0
0
0
0
0
0
0
0
0.021437098
0.054431826
0.07067695
0.117263031
0.187705826
0.29460999
0.292626758
0.251081325
0.150323275
0.164643483
0
0
0
0
0
0
0
0
0
0
0
0
0
0
0.026192786
0.150445733
0.329851969
0.546607599
0.759811124
0.843760245
0.852234983
0.766377012
0.529893869
0.165424307
0
0
0
0
0
0
0
0
0
0
0
0
0
0
0.049989347
0.213944853
0.346485671
0.645836314
0.821880452
0.906042967
0.892831303
0.807264115
0.530623699
0.166187596
0
0
0
0
0
0
0
0
0
0
0
0
0
0
0.057199742
0.210110186
0.416272949
0.611157556
0.774702814
0.845437383
0.852384214
0.784798863
0.531327988
0.166935087
0
0
0
0
0
0
0
0
0
0
0
0
0
0
0.045176721
0.136245686
0.174497082
0.314538079
0.362450759
0.295526698
0.530783043
0.652534354
0.526902586
0.16766804
0
0
0
0
0
0
0
0
0
0
0
0
0
0
0.011997483
0.040299632
0.071140622
0.114709692
0.160432601
0.230584936
0.26084058
0.284749105
0.439274667
0.168387373
0
0
0
0
0
0
0
0
0
0
0
0
0
0
0.033259943
0.139038256
0.219459048
0.466391321
0.499089859
0.773764641
0.692675611
0.610170349
0.532148423
0.169093758
0
0
0
0
0
0
0
0
0
0
0
0
0
0.002251661
0.066305355
0.225092641
0.40943887
0.585589923
0.741598496
0.815061794
0.810736342
0.634413537
0.443277509
0.169787689
0
0
0
0
0
0
0
0
0
0
0
0
0
0
0.045191501
0.172249657
0.242545515
0.546330235
0.723219767
0.806145782
0.817278921
0.749099288
0.534455041
0.170469524
0
0
0
0
0
0
0
0
0
0
0
0
0
0.002315882
0.07128576
0.208875293
0.354758063
0.472910462
0.68656522
0.67985413
0.47471991
0.1841518
0.078926936
0.171139523
0
0
0
0
0
0
0
0
0
0
0
0
0
0
0.019095474
0.056798483
0.092942076
0.198390134
0.385783639
0.364379663
0.609420514
0.665682816
0.522508275
0.171797868
0
0
0
0
0
0
0
0
0
0
0
0
0
0.002379686
0.066366916
0.211605548
0.397199909
0.482212589
0.688921074
0.732162268
0.747898782
0.660622203
0.523005481
0.172444685
0
0
0
0
0
0
0
0
0
0
0
0
0
0.002411406
0.061312306
0.211143779
0.392137149
0.570745651
0.675611586
0.78153427
0.708435239
0.630950089
0.421927059
0.173080057
0
0
0
0
0
0
0
0
0
0
0
0
0
0.002442993
0.066325949
0.19979994
0.38053735
0.539050961
0.691137044
0.764467604
0.774524774
0.698716626
0.536902614
0.173704034
0
0
0
0
0
0
0
0
0
0
0
0
0
0.004608675
0.07085381
0.205567053
0.379519685
0.529166649
0.637060081
0.763517868
0.749184212
0.656118228
0.480992195
0.174316639
0
0
0
0
0
0
0
0
0
0
0
0
0
0.002505728
0.057044291
0.169022277
0.252860953
0.423853455
0.678916316
0.544669112
0.719336098
0.602523912
0.44947021
0.17491788
0
0
0
0
0
0
0
0
0
0
0
0
0
0.006910949
0.093214357
0.262402818
0.447547207
0.618570178
0.737697398
0.82459153
0.807472357
0.700359404
0.538037433
0.17550775
0
0
0
0
0
0
0
0
0
0
0
0
0
0.004782054
0.080676944
0.231719293
0.415972053
0.585781062
0.704077829
0.41207477
0.409907858
0.550695857
0.538359789
0.176086232
0
0
0
0
0
0
0
0
0
0
0
0
0
0.004839202
0.08304775
0.228301438
0.404125609
0.557297408
0.687200285
0.589704615
0.444495107
0.380465431
0.496476592
0.176653304
0
0
0
0
0
0
0
0
0
0
0
0
0
0.002264696
0.047580564
0.144308582
0.402954434
0.544000972
0.666993412
0.743994794
0.765817201
0.667103493
0.5147407
0.17720894
0
0
0
0
0
0
0
0
0
0
0
0
0
0.006874497
0.090272005
0.242405338
0.424370473
0.5744862
0.703075928
0.75711941
0.753295942
0.665403771
0.508823396
0.177753112
0
0
0
0
0
0
0
0
0
0
0
0
0
0.004635047
0.051876273
0.109088818
0.190235551
0.279681779
0.388619892
0.680699104
0.614439659
0.406509906
0.167694961
0.102953175
0
0
0
0
0
0
0
0
0
0
0
0
0
0.007029123
0.042599202
0.136194839
0.363241606
0.567001747
0.652454144
0.689631097
0.735712168
0.690294323
0.53449466
0.178806959
0
0
0
0
0
0
0
0
0
0
0
0
0
0.009477825
0.092445932
0.254116883
0.409863683
0.437841443
0.403452246
0.708229073
0.568198989
0.470067469
0.309665099
0.179316586
0
0
0
0
0
0
0
0
0
0
0
0
0
0.013990306
0.098020276
0.278597022
0.451744038
0.606940363
0.731078963
0.77717958
0.769785335
0.624799717
0.395085367
0.179814656
0
0
0
0
0
0
0
0
0
0
0
0
0
0.011711968
0.106451109
0.23893229
0.404662428
0.571928573
0.666936299
0.734050319
0.719379056
0.62386375
0.475134771
0.180301155
0
0
0
0
0
0
0
0
0
0
0
0
0
0.00488798
0.035726233
0.032977105
0.037996221
0.066075105
0.08753119
0.054551056
0.073521699
0.133588374
0.140488385
0.030670778
0
0
0
0
0
0
0
0
0
0
0
0
0
0.018973523
0.127898717
0.292902264
0.487885198
0.702628509
0.80704387
0.821550919
0.650967592
0.653423459
0.506030393
0.18123941
0
0
0
0
0
0
0
0
0
0
0
0
0
0.02125759
0.128049914
0.298401656
0.490460782
0.703187539
0.826877668
0.821466361
0.766868824
0.718167538
0.482158037
0.181691166
0
0
0
0
0
0
0
0
0
0
0
0
0
0.016414095
0.087551757
0.163237477
0.34016655
0.539640996
0.619650332
0.590843302
0.512293109
0.375643666
0.340050244
0.118024585
0
0
0
0
0
0
0
0
0
0
0
0
0
0
0.01640893
0.059272752
0.192436018
0.529886911
0.641874454
0.749044545
0.664003314
0.605596719
0.442326864
0.182559985
0
0
0
0
0
0
0
0
0
0
0
0
0
0.012001583
0.045144821
0.135325161
0.400396841
0.600037852
0.72742358
0.771791987
0.764976536
0.655376417
0.504462563
0.138133822
0
0
0
0
0
0
0
0
0
0
0
0
0
0.004758607
0.033236352
0.051712685
0.054665253
0.085357488
0.092646506
0.136017675
0.297089086
0.176869186
0.320857146
0.163476121
0
0
0
0
0
0
0
0
0
0
0
0
0
0.004801241
0.032799771
0.135647199
0.377003047
0.537306515
0.619297644
0.644589378
0.653758872
0.539562323
0.103473861
0.035374098
0
0
0
0
0
0
0
0
0
0
0
0
0
0.026034061
0.152327286
0.312078421
0.493908569
0.655863373
0.760434953
0.821679562
0.778282017
0.681747996
0.493778269
0.184159573
0
0
0
0
0
0
0
0
0
0
0
0
0
0.021358435
0.095175477
0.263114116
0.421598922
0.3850786
0.552802189
0.735889415
0.408370611
0.362806429
0.303649759
0.138782944
0
0
0
0
0
0
0
0
0
0
0
0
0
0
0.00457421
0.023782871
0.054488287
0.173016208
0.214838944
0.314026831
0.550182813
0.490891243
0.493581685
0.184891021
0
0
0
0
0
0
0
0
0
0
0
0
0
0.004529592
0.026272054
0.054428634
0.089678287
0.109133586
0.129825962
0.231353578
0.295228011
0.675285668
0.508880401
0.185239867
0
0
0
0
0
0
0
0
0
0
0
0
0
0.018718005
0.114227254
0.329534025
0.521541985
0.678816255
0.776341045
0.811540832
0.765836579
0.661742896
0.473518547
0.18557756
0
0
0
0
0
0
0
0
0
0
0
0
0
0.023477618
0.114109052
0.289926085
0.425568375
0.275211625
0.28370385
0.160039455
0.122547856
0.082929802
0.047361937
0.023442919
0
0
0
0
0
0
0
0
0
0
0
0
0
0.004637853
0.037395178
0.1330308
0.089558484
0.339127307
0.332807188
0.754494802
0.827509412
0.709281285
0.509948386
0.186219834
0
0
0
0
0
0
0
0
0
0
0
0
0
0.035546683
0.157519677
0.340355523
0.528055866
0.679597784
0.779001523
0.815872986
0.666751201
0.404793343
0.301102024
0.13260517
0
0
0
0
0
0
0
0
0
0
0
0
0
0.025916302
0.111332764
0.262745295
0.551559511
0.714992928
0.808322648
0.752569936
0.7390982
0.670998375
0.469010377
0.186818608
0
0
0
0
0
0
0
0
0
0
0
0
0
0.014231241
0.10880752
0.300170748
0.48499097
0.564333891
0.416208053
0.369006736
0.175626738
0.111676639
0.113986137
0.065426767
0
0
0
0
0
0
0
0
0
0
0
0
0
0
0.019027946
0.038021958
0.073180045
0.119528153
0.1358858
0.194485619
0.311603313
0.484672958
0.285554269
0.112720287
0
0
0
0
0
0
0
0
0
0
0
0
0
0.026003733
0.054032739
0.205655531
0.415346095
0.247808897
0.672263171
0.710421929
0.662204874
0.530476862
0.054350165
0.025995168
0
0
0
0
0
0
0
0
0
0
0
0
0
0.023754496
0.108852082
0.242577465
0.289837559
0.399935045
0.514327774
0.462369635
0.438163161
0.489757251
0.394780382
0.15413738
0
0
0
0
0
0
0
0
0
0
0
0
0
0.035170415
0.12744435
0.331752893
0.396614229
0.552950963
0.666158221
0.652732159
0.789663259
0.679070396
0.490590224
0.188131294
0
0
0
0
0
0
0
0
0
0
0
0
0
0.044749902
0.17071962
0.334784293
0.50062285
0.638265829
0.720759552
0.757540307
0.720745949
0.616932638
0.44582855
0.18836331
0
0
0
0
0
0
0
0
0
0
0
0
0
0.049496337
0.184242031
0.331267138
0.51621816
0.655436298
0.722110217
0.69075191
0.66849361
0.59350504
0.299909567
0.126798867
0
0
0
0
0
0
0
0
0
0
0
0
0
0.013942204
0.061454835
0.082762803
0.095490116
0.105860026
0.162672268
0.138113759
0.153902004
0.097758548
0.080213586
0.080914552
0
0
0
0
0
0
0
0
0
0
0
0
0
0.021042866
0.077860504
0.181497085
0.314612895
0.491515195
0.606777595
0.70486212
0.63119633
0.53421982
0.396685944
0.18900103
0
0
0
0
0
0
0
0
0
0
0
0
0
0.047387241
0.175948011
0.357789211
0.516358061
0.65101689
0.730406894
0.767958199
0.726279533
0.63099734
0.463550161
0.189194714
0
0
0
0
0
0
0
0
0
0
0
0
0
0.025859345
0.140377579
0.159714866
0.218997678
0.311425061
0.456594997
0.591688233
0.393942207
0.458532688
0.393650097
0.150394678
0
0
0
0
0
0
0
0
0
0
0
0
0.002312064
0.042337067
0.087251209
0.157161332
0.241328326
0.570341148
0.695450004
0.734139144
0.46397512
0.656090218
0.450490944
0.189554806
0
0
0
0
0
0
0
0
0
0
0
0
0.002337689
0.047190076
0.164920482
0.178493903
0.479001015
0.660159822
0.735364265
0.767523787
0.715304908
0.446693853
0.105501094
0.030644256
0.015015823
0
0
0
0
0
0
0
0
0
0
0
0
0.002569018
0.007121508
0.033217908
0.03063249
0.030422577
0.037763799
0.037630363
0.065804655
0.027914372
0.037841019
0.025927559
0.006375418
0
0
0
0
0
0
0
0
0
0
0
0.002387638
0.073113218
0.225166463
0.410428199
0.587955414
0.731710956
0.832043982
0.861143954
0.806574573
0.689266954
0.480420736
0.190029558
0
0
0
0
0
0
0
0
0
0
0
0
0.002411951
0.066189218
0.205584035
0.374108505
0.489551505
0.665927711
0.758913211
0.805335093
0.763640593
0.63022719
0.415424943
0.172620344
0
0
0
0
0
0
0
0
0
0
0
0
0
0.014137601
0.018718986
0.021122489
0.025831271
0.030558803
0.051670603
0.044804103
0.049432771
0.046978261
0.051595995
0.01630397
0.011377099
0
0
0
0
0
0
0
0
0
0
0
0.002459232
0.068431822
0.213675354
0.390909584
0.561006112
0.700069622
0.780887776
0.807557298
0.764003017
0.633783201
0.370002569
0.183557996
0
0
0
0
0
0
0
0
0
0
0
0
0.007142501
0.082505197
0.235637109
0.399296023
0.528931272
0.70573464
0.775957657
0.705453368
0.715563397
0.644769515
0.434121289
0.164194125
0
0
0
0
0
0
0
0
0
0
0
0
0.002504684
0.028162912
0.070547078
0.263205548
0.385709493
0.437784918
0.513986496
0.814879599
0.573732223
0.593032214
0.408375776
0.135771459
0
0
0
0
0
0
0
0
0
0
0
0
0
0.004799124
0.016740447
0.02839432
0.035013525
0.051940189
0.13845584
0.110823442
0.124351249
0.271943596
0.171392319
0.037558902
0.022112858
0
0
0
0
0
0
0
0
0
0
0
0.002239595
0.079879653
0.235832331
0.407360704
0.568198841
0.694334853
0.764179083
0.78607828
0.743330812
0.631590733
0.448323097
0.190860277
0
0
0
0
0
0
0
0
0
0
0
0
0.004827241
0.07537112
0.215862728
0.401212584
0.53241204
0.667554303
0.748051637
0.765962357
0.766799209
0.658301845
0.457414122
0.189705299
0
0
0
0
0
0
0
0
0
0
0
0
0
0.023780145
0.08526595
0.205435448
0.593771523
0.625184964
0.807753799
0.825158254
0.770066318
0.645013628
0.457515002
0.191034027
0
0
0
0
0
0
0
0
0
0
0
0
0.004587212
0.05157694
0.186172745
0.313546116
0.547174787
0.731616356
0.802800705
0.810333067
0.75968262
0.595593604
0.462331728
0.191111401
0
0
0
0
0
0
0
0
0
0
0
0
0.006928851
0.051771156
0.121995208
0.310771297
0.552532459
0.4450214
0.690016631
0.616241675
0.119352344
0.016271831
0.018604166
0.025873789
0.00698281
0
0
0
0
0
0
0
0
0
0
0
0.002327613
0.042658795
0.118948112
0.252617064
0.532966468
0.660734858
0.723679926
0.794689001
0.776617085
0.664986188
0.471406706
0.191248263
0
0
0
0
0
0
0
0
0
0
0
0
0.007028014
0.089451461
0.238313138
0.407568233
0.563145565
0.703742315
0.789468919
0.80260094
0.747621559
0.615603773
0.444821515
0.1913082
0
0
0
0
0
0
0
0
0
0
0
0
0.009433785
0.094716014
0.251788454
0.416600319
0.568401096
0.701903007
0.784640376
0.803002858
0.742620356
0.634512087
0.462696203
0.191362772
0
0
0
0
0
0
0
0
0
0
0
0
0.007121965
0.089513849
0.243620733
0.413638534
0.589356302
0.71130126
0.786662715
0.79840412
0.755193889
0.609317538
0.445074566
0.185213457
0
0
0
0
0
0
0
0
0
0
0
0
0.007166965
0.089260873
0.229367763
0.407427577
0.564425046
0.70103885
0.794129228
0.793839094
0.692672205
0.566959969
0.452466134
0.17685076
0
0
0
0
0
0
0
0
0
0
0
0
0.01648197
0.124048756
0.262726039
0.432696261
0.551431959
0.642430991
0.806958132
0.780635393
0.680045262
0.595113508
0.426049963
0.179608328
0
0
0
0
0
0
0
0
0
0
0
0
0.011752294
0.099881392
0.18857329
0.409096189
0.577356506
0.704489227
0.791333692
0.779850163
0.776145087
0.656983678
0.468250742
0.191531859
0
0
0
0
0
0
0
0
0
0
0
0
0.006957839
0.077776511
0.182956465
0.354896083
0.458653411
0.601382328
0.598593313
0.712233266
0.609562745
0.452487521
0.277131873
0.143594686
0
0
0
0
0
0
0
0
0
0
0
0
0
0
0.016521955
0.028099325
0.032525358
0.059066399
0.089218304
0.154301432
0.118811757
0.323696812
0.347340238
0.142528057
0
0
0
0
0
0
0
0
0
0
0
0
0
0.037714526
0.129733933
0.232226135
0.191388136
0.233084306
0.516272245
0.680346027
0.688283275
0.438453541
0.18398909
0.142752591
0
0
0
0
0
0
0
0
0
0
0
0
0.004599992
0.05643479
0.175300759
0.218708437
0.245979461
0.366387193
0.400261811
0.498057695
0.172838769
0.068723402
0.077485088
0.079167802
0
0
0
0
0
0
0
0
0
0
0
0
0.009238901
0.084814497
0.232067443
0.383152153
0.475447068
0.666077444
0.761319615
0.660224153
0.374675791
0.459352749
0.289774724
0.095283818
0.018872302
0
0
0
0
0
0
0
0
0
0
0
0.011772606
0.084461812
0.188704405
0.335668672
0.542335486
0.68665612
0.584235714
0.782816524
0.673727727
0.604367881
0.435441311
0.185549197
0
0
0
0
0
0
0
0
0
0
0
0
0
0.03297366
0.078013127
0.143115386
0.159396249
0.318062871
0.556876127
0.737285301
0.73109558
0.622907531
0.442322048
0.191671555
0
0
0
0
0
0
0
0
0
0
0
0
0.007194864
0.060952308
0.207585581
0.37183949
0.547324517
0.676253303
0.755710712
0.756107146
0.719400877
0.623921289
0.441451711
0.190986451
0
0
0
0
0
0
0
0
0
0
0
0
0.009397914
0.073037541
0.196438403
0.349300257
0.474525084
0.592093915
0.637308064
0.693196167
0.70778512
0.566921209
0.410249739
0.174270191
0
0
0
0
0
0
0
0
0
0
0
0
0.014146306
0.091644674
0.218619009
0.385226281
0.543434889
0.69353186
0.759960232
0.773004641
0.717191239
0.561130741
0.377657934
0.143896654
0
0
0
0
0
0
0
0
0
0
0
0
0.01419686
0.108001572
0.264338081
0.429348259
0.583750795
0.704214383
0.768617456
0.77481063
0.655485931
0.610335253
0.442040439
0.191684409
0
0
0
0
0
0
0
0
0
0
0
0
0.011695985
0.09200428
0.237512146
0.396350503
0.565962109
0.710522311
0.752464227
0.723971666
0.702950923
0.601968011
0.436630916
0.187360876
0
0
0
0
0
0
0
0
0
0
0
0
0
0.006904715
0.044969717
0.094898537
0.197252376
0.254207883
0.210302615
0.178575065
0.197030635
0.280619715
0.222917974
0.127470733
0.026294076
0
0
0
0
0
0
0
0
0
0
0
0.009557892
0.084600568
0.234442369
0.407277945
0.556965458
0.678570316
0.742481047
0.752958693
0.718981506
0.60261482
0.420217468
0.163721033
0
0
0
0
0
0
0
0
0
0
0
0
0.004795023
0.070341631
0.148191429
0.251442057
0.363183065
0.625201406
0.76807061
0.575580389
0.436132294
0.340420543
0.251698309
0.142665227
0.042102065
0
0
0
0
0
0
0
0
0
0
0
0.009252262
0.049656717
0.19955404
0.342846832
0.331612262
0.550937899
0.513628283
0.676848726
0.702037368
0.565686662
0.42738652
0.187695172
0
0
0
0
0
0
0
0
0
0
0
0
0.002230437
0.028335664
0.135395004
0.298810195
0.359692395
0.427209121
0.639749438
0.667817511
0.616091618
0.581322942
0.407730017
0.188380472
0
0
0
0
0
0
0
0
0
0
0
0
0.004829962
0.059029227
0.161538061
0.298908292
0.498264097
0.632821457
0.687008244
0.742976893
0.541254787
0.507419623
0.389376717
0.159942815
0
0
0
0
0
0
0
0
0
0
0
0
0.007076098
0.077610336
0.204392468
0.353909978
0.498239609
0.627241342
0.659687967
0.694723531
0.543239053
0.573076024
0.40036829
0.17222476
0
0
0
0
0
0
0
0
0
0
0
0
0.004848862
0.0423483
0.129581586
0.143175191
0.370860271
0.398940026
0.329270264
0.22389568
0.309900779
0.250395822
0.287563572
0.15940524
0
0
0
0
0
0
0
0
0
0
0
0
0.004856991
0.037737159
0.07974498
0.140098412
0.323413103
0.441479912
0.388524091
0.282433235
0.259537921
0.350131796
0.339485345
0.173990164
0
0
0
0
0
0
0
0
0
0
0
0
0.002251231
0.035442368
0.068260326
0.126573313
0.274037503
0.504179978
0.582530862
0.711095959
0.630346797
0.559571975
0.383661682
0.159035839
0
0
0
0
0
0
0
0
0
0
0
0
0.011624934
0.091998419
0.180185896
0.306789045
0.51416656
0.553106361
0.337008906
0.533879836
0.588162679
0.587298207
0.331762629
0.150881628
0
0
0
0
0
0
0
0
0
0
0
0
0
0.004656682
0.019162063
0.058804384
0.202516692
0.602433985
0.56767711
0.159149925
0.037659545
0.030689125
0.026185508
0.021022435
0.01616792
0
0
0
0
0
0
0
0
0
0
0
0.002258821
0.044809918
0.169834487
0.372488221
0.274092308
0.436229472
0.329311929
0.610485723
0.613506523
0.641886035
0.300400703
0.156276226
0
0
0
0
0
0
0
0
0
0
0
0
0.007141171
0.05646238
0.212849501
0.356348573
0.494325141
0.594205482
0.661296705
0.682129572
0.655174609
0.552198422
0.380977139
0.163014704
0
0
0
0
0
0
0
0
0
0
0
0
0.014285924
0.087263124
0.212872081
0.381079164
0.533698878
0.596808667
0.710785405
0.745430677
0.691689713
0.574498027
0.432758225
0.184082693
0
0
0
0
0
0
0
0
0
0
0
0
0.007148142
0.061138393
0.13770038
0.215859338
0.278903435
0.405252237
0.441317647
0.693013306
0.691568939
0.531476646
0.430654275
0.183902006
0
0
0
0
0
0
0
0
0
0
0
0
0.009411139
0.04950282
0.132472535
0.188243111
0.342866232
0.540805701
0.587340289
0.668222147
0.569113377
0.40583305
0.432627835
0.187157836
0
0
0
0
0
0
0
0
0
0
0
0
0.009411475
0.089602907
0.231418912
0.257472568
0.379415282
0.611320617
0.573917225
0.478117275
0.534082767
0.491656889
0.229586641
0.147998044
0
0
0
0
0
0
0
0
0
0
0
0
0.00226298
0.049495263
0.18030342
0.25744298
0.415953995
0.510306106
0.541985807
0.409860103
0.284215563
0.261142926
0.061119718
0.009407052
0.039796967
0
0
0
0
0
0
0
0
0
0
0
0.009407052
0.084927004
0.218110347
0.380913609
0.5223243
0.520815307
0.527388995
0.337821371
0.540160281
0.526950597
0.382531234
0.145252546
0
0
0
0
0
0
0
0
0
0
0
0
0
0.006986879
0.026075233
0.090041944
0.097303457
0.140028692
0.224246531
0.337761941
0.284102636
0.311706951
0.1052102
0.150863278
0
0
0
0
0
0
0
0
0
0
0
0
0.011652704
0.049449229
0.225940413
0.408533161
0.34626085
0.699845852
0.773271565
0.794252702
0.735983555
0.63734323
0.457867915
0.191327797
0
0
0
0
0
0
0
0
0
0
0
0
0.011642608
0.094647342
0.232004454
0.419009327
0.571536937
0.658149553
0.783601805
0.796699114
0.718508982
0.584952466
0.441731277
0.183387362
0
0
0
0
0
0
0
0
0
0
0
0
0.004872908
0.028473602
0.102702682
0.257157798
0.419258672
0.326288511
0.28189677
0.254563075
0.33429494
0.456768814
0.327331419
0.144652212
0
0
0
0
0
0
0
0
0
0
0
0
0.004866911
0.056328076
0.14606325
0.342883105
0.441083449
0.612427742
0.664912811
0.617342
0.543124374
0.57377383
0.409326024
0.178274361
0
0
0
0
0
0
0
0
0
0
0
0
0.007105584
0.056284261
0.22904956
0.3341886
0.404564015
0.512548054
0.594984209
0.654615653
0.620303986
0.324582004
0.082264312
0.149858514
0
0
0
0
0
0
0
0
0
0
0
0
0
0.016243063
0.045137641
0.068752596
0.150657973
0.14345786
0.125049935
0.354248911
0.242893332
0.13799242
0.269143632
0.124331714
0
0
0
0
0
0
0
0
0
0
0
0
0.002241732
0.0185464
0.042071475
0.118950628
0.241197726
0.207546277
0.177777359
0.070599797
0.047600182
0.054262975
0.087275047
0.049255415
0.009280031
0
0
0
0
0
0
0
0
0
0
0
0
0.019086237
0.039746594
0.245961118
0.273323819
0.213704803
0.337300968
0.245795285
0.350840821
0.35550492
0.215953868
0.148927345
0
0
0
0
0
0
0
0
0
0
0
0
0.009283459
0.068161242
0.14558395
0.202234217
0.237471231
0.238650049
0.183755434
0.180621857
0.15407302
0.142863106
0.200839312
0.144462813
0
0
0
0
0
0
0
0
0
0
0
0
0.014067956
0.032901133
0.049593923
0.064031639
0.079762756
0.124856725
0.08729062
0.063352378
0.037476672
0.035073182
0.035163594
0.025815279
0.016205669
0
0
0
0
0
0
0
0
0
0
0
0
0.004614531
0.051843109
0.021017607
0.021425784
0.053837399
0.091793028
0.116563625
0.061221459
0.058661311
0.115631174
0.060766293
0.035723271
0
0
0
0
0
0
0
0
0
0
0
0.002215791
0.030505155
0.037327297
0.121694886
0.307566378
0.348305184
0.428241753
0.495460857
0.524262243
0.177803739
0.155354291
0.138972927
0.001481923
0
0
0
0
0
0
0
0
0
0
0
0.004773623
0.025859658
0.070775266
0.138188311
0.194319051
0.194491021
0.178513929
0.382557506
0.624577552
0.376422359
0.168327388
0.135005833
0
0
0
0
0
0
0
0
0
0
0
0
0.006957851
0.077944888
0.218592547
0.376812848
0.536371299
0.65904948
0.739600361
0.765883008
0.746566256
0.624497146
0.412155165
0.183156506
0
0
0
0
0
0
0
0
0
0
0
0
0.00693512
0.080094771
0.218351969
0.385228656
0.531310557
0.668771131
0.728134241
0.750744729
0.663617043
0.586377467
0.392348794
0.184854475
0
0
0
0
0
0
0
0
0
0
0
0
0.00691114
0.077668246
0.132456954
0.257375331
0.454332915
0.67579548
0.76907329
0.782260571
0.730646299
0.481912614
0.316555258
0.146381085
0
0
0
0
0
0
0
0
0
0
0
0
0
0.025674588
0.07273878
0.257162557
0.485089474
0.649826398
0.640226734
0.729907267
0.689452461
0.553286098
0.323307558
0.146459456
0
0
0
0
0
0
0
0
0
0
0
0
0
0.00966546
0.075654273
0.268620965
0.213760409
0.437662064
0.629328926
0.423154881
0.402625702
0.304495644
0.262252031
0.15037165
0
0
0
0
0
0
0
0
0
0
0
0
0.00717892
0.026116511
0.210237514
0.1674063
0.382801173
0.27613652
0.409016698
0.337456575
0.473937143
0.310079596
0.281820613
0.142627606
0
0
0
0
0
0
0
0
0
0
0
0
0
0.018700267
0.126578079
0.175488075
0.544815772
0.349392519
0.446415958
0.3493332
0.558254323
0.264319644
0.291045767
0.145135319
0
0
0
0
0
0
0
0
0
0
0
0
0.004632164
0.056505275
0.127206964
0.315878077
0.298668192
0.360726704
0.44622971
0.329692506
0.254823316
0.188444272
0.186106971
0.081364511
0.035684735
0
0
0
0
0
0
0
0
0
0
0
0
0
0.009755214
0.01175995
0.026334204
0.047050508
0.070610946
0.097196153
0.061510435
0.047291137
0.061266672
0.021126236
0.018405233
0
0
0
0
0
0
0
0
0
0
0
0
0.014058959
0.061560478
0.108060512
0.175550773
0.172483923
0.165155704
0.156941075
0.186000797
0.111225888
0.086856966
0.069945197
0.03579944
0
0
0
0
0
0
0
0
0
0
0
0
0.023550776
0.080218208
0.268032124
0.44913705
0.32675996
0.371609878
0.290485909
0.434270124
0.524784945
0.355851328
0.186794931
0
0
0
0
0
0
0
0
0
0
0
0
0.004878424
0.0704269
0.204707409
0.371696082
0.531762487
0.663645863
0.75172632
0.671012326
0.697730229
0.565521067
0.449888731
0.15082954
0
0
0
0
0
0
0
0
0
0
0
0
0.006938786
0.054068781
0.148103007
0.321723693
0.496178841
0.560652254
0.668051421
0.625729993
0.431566307
0.470904704
0.237288267
0.136178486
0
0
0
0
0
0
0
0
0
0
0
0
0.00482416
0.037785376
0.142726137
0.243782105
0.372069749
0.324657901
0.357876325
0.509708746
0.449655366
0.424339426
0.396470309
0.140992826
0
0
0
0
0
0
0
0
0
0
0
0
0.002397962
0.018833821
0.145792096
0.20571378
0.514820759
0.648594938
0.735400499
0.757245719
0.679983064
0.554973763
0.320409365
0.189309241
0
0
0
0
0
0
0
0
0
0
0
0
0.002383302
0.028161952
0.108387338
0.304526183
0.467829929
0.37790536
0.291294824
0.440045842
0.232263141
0.202606254
0.196466855
0.139798481
0
0
0
0
0
0
0
0
0
0
0
0
0
0.02586484
0.077811815
0.082497673
0.203112364
0.178557776
0.17495697
0.466007759
0.277109283
0.295728491
0.196395014
0.139676238
0
0
0
0
0
0
0
0
0
0
0
0
0
0.023577057
0.095277445
0.156640032
0.305308567
0.271978962
0.39935439
0.350737409
0.471495123
0.452469477
0.373230328
0.139003395
0
0
0
0
0
0
0
0
0
0
0
0
0.002336745
0.0447973
0.132722603
0.224211624
0.332594912
0.378172583
0.560012235
0.554012888
0.73979835
0.328711357
0.219072302
0.123675969
0
0
0
0
0
0
0
0
0
0
0
0
0.002320376
0.033193904
0.132399861
0.105386406
0.172450546
0.235538782
0.094832585
0.047037997
0.056976416
0.151232491
0.068303891
0.044529468
0
0
0
0
0
0
0
0
0
0
0
0
0
0.018968988
0.082253679
0.285316519
0.402824919
0.407356973
0.47866182
0.609298188
0.609489831
0.598927957
0.42677345
0.189617455
0
0
0
0
0
0
0
0
0
0
0
0
0
0.025920087
0.004398458
0.002651908
0.025965717
0.009482607
0.005250899
0.030910475
0.183539845
0.392384455
0.228937808
0.105645483
0
0
0
0
0
0
0
0
0
0
0
0
0.002268763
0.020978921
0.037952388
0.180516958
0.208433111
0.113619018
0.414338995
0.668695712
0.722708127
0.61981682
0.414774894
0.158380349
0
0
0
0
0
0
0
0
0
0
0
0
0.002250735
0.047126423
0.121856746
0.282777345
0.492125899
0.55772024
0.373560318
0.701586271
0.57823856
0.618828552
0.449232284
0.179790182
0
0
0
0
0
0
0
0
0
0
0
0
0
0.030397588
0.079945068
0.224829274
0.409722734
0.434498472
0.661378122
0.549064225
0.334973061
0.280492084
0.261639129
0.136419909
0
0
0
0
0
0
0
0
0
0
0
0
0.004731718
0.028133966
0.105497157
0.16232341
0.173136399
0.263064222
0.236061206
0.202486539
0.216687363
0.241404308
0.139943612
0.133683892
0
0
0
0
0
0
0
0
0
0
0
0
0.002496415
0.080296375
0.193996443
0.360445311
0.522369032
0.537249619
0.581336468
0.485485536
0.414910751
0.618239074
0.400334862
0.188853938
0
0
0
0
0
0
0
0
0
0
0
0
0
0.039967835
0.118735713
0.314489707
0.421950155
0.546841136
0.45980371
0.407757424
0.549438514
0.360054534
0.249021338
0.142054149
0
0
0
0
0
0
0
0
0
0
0
0
0
0.047101709
0.167328476
0.320293564
0.482494227
0.636472845
0.646823938
0.581870206
0.414938413
0.568299829
0.370404027
0.188546818
0
0
0
0
0
0
0
0
0
0
0
0
0
0.047379039
0.151300383
0.30683066
0.49246232
0.620177556
0.731279262
0.616025055
0.452445187
0.590648922
0.437951132
0.188382486
0
0
0
0
0
0
0
0
0
0
0
0
0
0.044561001
0.156476532
0.312576374
0.477697043
0.618561595
0.685844096
0.7588186
0.67472837
0.62325191
0.467389914
0.188210714
0
0
0
0
0
0
0
0
0
0
0
0
0
0.047405146
0.167272351
0.323687525
0.48764109
0.627314629
0.556974944
0.417967455
0.365353345
0.415050285
0.407208195
0.14969926
0
0
0
0
0
0
0
0
0
0
0
0
0
0.061508031
0.194315189
0.315491191
0.44832178
0.425188404
0.490131322
0.7343155
0.511009735
0.310427508
0.316425519
0.18784409
0
0
0
0
0
0
0
0
0
0
0
0
0
0.018852346
0.153992684
0.267406437
0.361455006
0.503545589
0.649635132
0.740104858
0.794404315
0.552200555
0.349652399
0.187648867
0
0
0
0
0
0
0
0
0
0
0
0
0
0.037511517
0.08944347
0.321543613
0.486147644
0.522824288
0.629902698
0.709219822
0.683579991
0.600872278
0.456923617
0.187445464
0
0
0
0
0
0
0
0
0
0
0
0
0
0.014103859
0.061009086
0.111227702
0.416096475
0.530886659
0.593720731
0.690937387
0.727936626
0.609958157
0.440097088
0.187233707
0
0
0
0
0
0
0
0
0
0
0
0
0
0.016520208
0.087375314
0.272601698
0.355792995
0.574114697
0.632561791
0.779495182
0.760855457
0.621653456
0.486308605
0.187013425
0
0
0
0
0
0
0
0
0
0
0
0
0
0.023399637
0.084949681
0.18679263
0.329687065
0.337631326
0.335092694
0.637909175
0.432857544
0.321693325
0.316259238
0.167129979
0
0
0
0
0
0
0
0
0
0
0
0
0
0.037606981
0.175533891
0.349791505
0.361716795
0.430665152
0.761920658
0.730885364
0.624239914
0.522256189
0.385174381
0.136872032
0
0
0
0
0
0
0
0
0
0
0
0
0
0.030482763
0.165287397
0.290094046
0.487202888
0.527326055
0.510112407
0.641978821
0.639092367
0.427834686
0.429169693
0.186299808
0
0
0
0
0
0
0
0
0
0
0
0
0
0.028322116
0.124592344
0.299752239
0.417631035
0.51807795
0.599465201
0.604241158
0.618164848
0.508666245
0.277056284
0.132117287
0
0
0
0
0
0
0
0
0
0
0
0
0
0.016485857
0.106081701
0.130341912
0.342349595
0.508822913
0.398062004
0.489249528
0.496110002
0.501257733
0.229742797
0.144826978
0
0
0
0
0
0
0
0
0
0
0
0
0
0.016377004
0.056571411
0.15688708
0.321207077
0.496712611
0.603180354
0.605001379
0.437203789
0.333736933
0.327215039
0.128321286
0
0
0
0
0
0
0
0
0
0
0
0
0
0.030623506
0.10044027
0.160177796
0.27258721
0.305925958
0.460935085
0.67229175
0.618076567
0.588852879
0.272219822
0.132031376
0
0
0
0
0
0
0
0
0
0
0
0
0
0.011865546
0.047266736
0.106042693
0.197639697
0.461525969
0.712513332
0.749233192
0.751176853
0.654313477
0.486179084
0.184925634
0
0
0
0
0
0
0
0
0
0
0
0
0
0.030656074
0.140827249
0.303699237
0.468247226
0.398754485
0.37118626
0.293290824
0.424171549
0.369062972
0.498278755
0.184621872
0
0
0
0
0
0
0
0
0
0
0
0
0
0.040267294
0.080377279
0.257255576
0.452825987
0.472437853
0.242306783
0.444059146
0.475760741
0.46714063
0.485988239
0.17875466
0
0
0
0
0
0
0
0
0
0
0
0
0
0.016257622
0.082671383
0.300716666
0.321758209
0.596024598
0.670391499
0.327978381
0.388795761
0.344905894
0.423175555
0.183984491
0
0
0
0
0
0
0
0
0
0
0
0
0
0.028123492
0.116729595
0.271700873
0.457710848
0.630043605
0.604802064
0.626303767
0.645789106
0.409780865
0.191471926
0.13087475
0
0
0
0
0
0
0
0
0
0
0
0
0
0.002285888
0.011842254
0.051893178
0.078083467
0.180954835
0.202870866
0.314251464
0.548846779
0.734528151
0.53323097
0.183306633
0
0
0
0
0
0
0
0
0
0
0
0
0
0.039945508
0.181816066
0.370702597
0.554874509
0.711655571
0.809311604
0.815073785
0.685644884
0.607076006
0.442899982
0.182952302
0
0
0
0
0
0
0
0
0
0
0
0
0
0.00224984
0.023462964
0.049846386
0.089791785
0.137883071
0.12995135
0.270920914
0.19209281
0.219172064
0.302917258
0.143517743
0
0
0
0
0
0
0
0
0
0
0
0
0
0.011594913
0.105976698
0.346068286
0.536025914
0.704723427
0.803303214
0.795518012
0.688384874
0.303689587
0.208540251
0.11929197
0
0
0
0
0
0
0
0
0
0
0
0
0
0.019004121
0.16005923
0.284030694
0.482910056
0.606328111
0.392379692
0.162662642
0.176545729
0.133311308
0.042560299
0.03048279
0
0
0
0
0
0
0
0
0
0
0
0
0
0.002194146
0.023714134
0.051690595
0.073109639
0.052040628
0.028441445
0.051604424
0.087787511
0.152282067
0.100714188
0.089218498
0
0
0
0
0
0
0
0
0
0
0
0
0
0.016499485
0.077987337
0.206690548
0.273768463
0.412855433
0.64385979
0.607372581
0.375318124
0.344220994
0.445067602
0.181023755
0
0
0
0
0
0
0
0
0
0
0
0
0
0.014195742
0.05905058
0.27960995
0.451159245
0.599277546
0.75821383
0.869755828
0.589717361
0.463765458
0.257970819
0.180606277
0
0
0
0
0
0
0
0
0
0
0
0
0
0.009374061
0.049835444
0.127606039
0.305997929
0.464534364
0.132800268
0.343939732
0.59189226
0.261265036
0.466311275
0.180178111
0
0
0
0
0
0
0
0
0
0
0
0
0
0.014347718
0.135788906
0.301128403
0.32834289
0.445040911
0.421611141
0.402974928
0.331010081
0.255646408
0.157788268
0.065520452
0
0
0
0
0
0
0
0
0
0
0
0
0
0.011706769
0.059246922
0.26797898
0.366093843
0.476658902
0.646044772
0.463013058
0.279980205
0.507835323
0.416163348
0.179289615
0
0
0
0
0
0
0
0
0
0
0
0
0
0.007032817
0.070720935
0.223696272
0.347637003
0.442696503
0.471133353
0.508620244
0.390204396
0.321707511
0.280871599
0.125278301
0
0
0
0
0
0
0
0
0
0
0
0
0
0.014338119
0.08514311
0.165481677
0.245701187
0.220369729
0.312276719
0.537013153
0.403287616
0.247258222
0.187474418
0.109051471
0
0
0
0
0
0
0
0
0
0
0
0
0
0.004858817
0.04464821
0.165540473
0.268773836
0.333243207
0.113858285
0.030352811
0
0
0
0
0
0
0
0
0
0
0
0
0
0
0
0
0
0.011642783
0.106190674
0.196113754
0.259974377
0.349589386
0.438954171
0.245847381
0.568891795
0.210365137
0.27381065
0.177383592
0
0
0
0
0
0
0
0
0
0
0
0
0
0.014293245
0.098493916
0.209907938
0.272068341
0.280290822
0.322162769
0.373467041
0.473525981
0.343248745
0.166902414
0.110406533
0
0
0
0
0
0
0
0
0
0
0
0
0
0.014143595
0.10326872
0.204177104
0.340099649
0.395377882
0.534421927
0.43632305
0.438818001
0.369083775
0.311915803
0.155585829
0
0
0
0
0
0
0
0
0
0
0
0
0
0.009322576
0.054217446
0.1226235
0.198492931
0.309992468
0.328291725
0.59817616
0.464595388
0.351472459
0.203723779
0.175841209
0
0
0
0
0
0
0
0
0
0
0
0
0
0.016522065
0.125444238
0.24908781
0.45702044
0.57043626
0.497914599
0.653674281
0.286822968
0.568987134
0.3484617
0.175305653
0
0
0
0
0
0
0
0
0
0
0
0
0
0.004925095
0.045191592
0.138564133
0.228800762
0.511899968
0.614194717
0.249902684
0.296866138
0.590660971
0.431091033
0.174759415
0
0
0
0
0
0
0
0
0
0
0
0
0
0.002252453
0.035521327
0.149836384
0.33829521
0.545287329
0.633576962
0.704795446
0.648592071
0.467482406
0.276381395
0.174202517
0
0
0
0
0
0
0
0
0
0
0
0
0
0.009272094
0.063740087
0.173938634
0.366454335
0.534380424
0.483211327
0.423890413
0.318571686
0.257584388
0.145268806
0.065977048
0
0
0
0
0
0
0
0
0
0
0
0
0
0
0.002290481
0.052011096
0.082906495
0.092461981
0.109252653
0.229553944
0.381856555
0.584674573
0.531559976
0.173056824
0
0
0
0
0
0
0
0
0
0
0
0
0
0.011936561
0.100916071
0.305138342
0.487478844
0.679309804
0.572432173
0.813246497
0.744832051
0.330630508
0.171700916
0.159582488
0
0
0
0
0
0
0
0
0
0
0
0
0
0.014294625
0.111768486
0.299334825
0.493467825
0.660537708
0.71884519
0.883781532
0.778449177
0.364394408
0.099587549
0.083245461
0
0
0
0
0
0
0
0
0
0
0
0
0
0.016589479
0.125692288
0.320536627
0.52541702
0.704071813
0.817734195
0.859759736
0.806126205
0.502639676
0.530401737
0.171258711
0
0
0
0
0
0
0
0
0
0
0
0
0
0.009398946
0.080442414
0.193527025
0.413814892
0.575083019
0.685047895
0.607654971
0.376773295
0.360424685
0.432164791
0.1706381
0
0
0
0
0
0
0
0
0
0
0
0
0
0.007204958
0.073652846
0.200227528
0.471314096
0.628777336
0.807864479
0.514969771
0.366605076
0.71990122
0.492108388
0.170006813
0
0
0
0
0
0
0
0
0
0
0
0
0
0.007111224
0.095939932
0.251616582
0.436786771
0.613468857
0.789823296
0.888345378
0.485130428
0.729615893
0.408551717
0.169364775
0
0
0
0
0
0
0
0
0
0
0
0
0
0.007017129
0.090684204
0.214624478
0.399676644
0.560693343
0.696125633
0.783223355
0.690908288
0.702090908
0.473846989
0.168711878
0
0
0
0
0
0
0
0
0
0
0
0
0
0.004614704
0.040382923
0.108925183
0.219162791
0.261804792
0.317383602
0.375153806
0.449153115
0.58887951
0.343719461
0.168047961
0
0
0
0
0
0
0
0
0
0
0
0
0
0.002274474
0.023456574
0.106535772
0.227996836
0.226875532
0.127392999
0.204830036
0.260108611
0.357175322
0.433967014
0.167372797
0
0
0
0
0
0
0
0
0
0
0
0
0
0.002242788
0.021132921
0.03071022
0.054062204
0.028003766
0.127679354
0.100966728
0.05209752
0.045151232
0.049978594
0.024719326
0
0
0
0
0
0
0
0
0
0
0
0
0
0
0.012021666
0.026327932
0.08569135
0.15501969
0.105973285
0.185207278
0.098694184
0.167506253
0.173695093
0.165987369
0
0
0
0
0
0
0
0
0
0
0
0
0
0.002479439
0.03535505
0.101081468
0.144056599
0.23055023
0.306417409
0.573596939
0.560953338
0.267281606
0.348866974
0.165276097
0
0
0
0
0
0
0
0
0
0
0
0
0
0.002442975
0.032968613
0.114517494
0.174769109
0.224057716
0.233493179
0
0
0
0.211018446
0.164551471
0
0
0
0
0
0
0
0
0
0
0
0
0
0.002406452
0.033174639
0.095665242
0.149678786
0.191036697
0.207321125
0.211305853
0.204218886
0.112485953
0.322935687
0.163812418
0
0
0
0
0
0
0
0
0
0
0
0
0
0
0.032879216
0.047311321
0.046947872
0.046915946
0.046915946
0.033174804
0.095734989
0.093331059
0.042739347
0.012198961
0
0
0
0
0
0
0
0
0
0
0
0
0
0
0.023522109
0.071297855
0.249972841
0.275992113
0.417426709
0.670823191
0.68751352
0.653895755
0.522764433
0.162284564
0
0
0
0
0
0
0
0
0
0
0
0
0
0.007175572
0.090634657
0.32618956
0.457488924
0.653361832
0.775453849
0.82292639
0.801462282
0.715052116
0.522009565
0.161490841
0
0
0
0
0
0
0
0
0
0
0
0
0
0
0
0.011865639
0.057077909
0.204513406
0.260810187
0.763550075
0.775943212
0.683059529
0.52123248
0.16067216
0
0
0
0
0
0
0
0
0
0
0
0
0
0.002491671
0.088358236
0.266088055
0.49553026
0.574161106
0.740643297
0.861727231
0.842012093
0.702445293
0.520433615
0.159822426
0
0
0
0
0
0
0
0
0
0
0
0
0
0.004641179
0.076197882
0.175669833
0.338169636
0.330845019
0.239728176
0.20623375
0.629406072
0.379821952
0.026194641
0.049017127
0
0
0
0
0
0
0
0
0
0
0
0
0
0
0.014277368
0.164936115
0.085419608
0.268263618
0.535873126
0.760149821
0.836997921
0.521819138
0.518772429
0.157987162
0
0
0
0
0
0
0
0
0
0
0
0
0
0.004740823
0.088240917
0.273106539
0.499803383
0.690607785
0.823068042
0.85574751
0.825851147
0.730381071
0.517911106
0.156962009
0
0
0
0
0
0
0
0
0
0
0
0
0
0.002327047
0.062059785
0.153298417
0.325392646
0.438453728
0.749789685
0.83752247
0.814448544
0.711880301
0.517030001
0.155811858
0
0
0
0
0
0
0
0
0
0
0
0
0
0
0.025913451
0.115223447
0.19476036
0.361070705
0.247479958
0.426615292
0.720461135
0.646495589
0.507200196
0.154446159
0
0
0
0
0
0
0
0
0
0
0
0
0
0.002486103
0.049666499
0.159090643
0.407857958
0.518322683
0.649905405
0.65069613
0.742280883
0.662131071
0.490143038
0.152652632
0
0
0
0
0
0
0
0
0
0
0
0
0
0.002440739
0.047763302
0.185643162
0.344826943
0.413459841
0.563552824
0.490744951
0.620048669
0.669006438
0.461547704
0.149790818
0
0
0
0
0
0
0
0
0
0
0
0
0
0
0.047721505
0.159516059
0.302700439
0.446200611
0.561728037
0.599415092
0.590709785
0.527847033
0.415658498
0.142621585
0
0
0
0
0
0
0
0
0
0
0
0
0
0.002350415
0.052180356
0.165711164
0.343639469
0.497486811
0.565272819
0.703494997
0.52997496
0.552663237
0.434977981
0
0
0
0
0
0
0
0
0
0
0
0
0
0
0
0.009619457
0.054270067
0.09833225
0.131392369
0.109661124
0.085691074
0.073976935
0.05725518
0.043396025
0
0
0
0
0
0
0
0
0
0
0
0
0
0
0
0.021260507
0.148358979
0.283660037
0.321655347
0.434270867
0.442273906
0.366047899
0.318514557
0.368554908
0
0
0
0
0
0
0
0
0
0
0
0
0
0
0
0.026202655
0.032920273
0.054645549
0.158389421
0.246139612
0.281252355
0.380370505
0.635122043
0.509340437
0
0
0
0
0
0
0
0
0
0
0
0
0
0
0
0.040489932
0.131824513
0.332290758
0.45384786
0.458646336
0.749219116
0.695476171
0.656711337
0.508308942
0
0
0
0
0
0
0
0
0
0
0
0
0
0
0
0.040472248
0.140415929
0.309479686
0.471308514
0.662806061
0.684916456
0.689737914
0.612536273
0.50726418
0
0
0
0
0
0
0
0
0
0
0
0
0
0
0
0.016586443
0.061585525
0.153392092
0.166732096
0.221389789
0.220808967
0.195568959
0.181799295
0.136916622
0
0
0
0
0
0
0
0
0
0
0
0
0
0
0
0.016406512
0.076371714
0.13681445
0.253445319
0.295777039
0.269833995
0.313247513
0.431770876
0.314233316
0
0
0
0
0
0
0
0
0
0
0
0
0
0
0
0.006881976
0.068754813
0.061893586
0.085198013
0.059389538
0.073326807
0.047409701
0.040332637
0.028922219
0
0
0
0
0
0
0
0
0
0
0
0
0
0
0
0.052589474
0.19323045
0.418646029
0.579649525
0.719390844
0.790786621
0.802749312
0.72222861
0.5029678
0
0
0
0
0
0
0
0
0
0
0
0
0
0
0
0
0.007308772
0.025958146
0.123468903
0.13721888
0.123305478
0.110184818
0.219880197
0.421465385
0
0
0
0
0
0
0
0
0
0
0
0
0
0
0
0.025930652
0.174440554
0.368165455
0.423016445
0.219924781
0.173991822
0.083525914
0.067175322
0.036615239
0
0
0
0
0
0
0
0
0
0
0
0
0
0
0
0.030721874
0.107249178
0.254451341
0.266754447
0.345705449
0.414055307
0.294354972
0.359661062
0.499644737
0
0
0
0
0
0
0
0
0
0
0
0
0
0
0
0.004583947
0.025888904
0.068598175
0.172628285
0.236724756
0.15158949
0.110421901
0.089474717
0.075201861
0
0
0
0
0
0
0
0
0
0
0
0
0
0
0
0.028480518
0.066545328
0.162644816
0.211756976
0.167171219
0.483879611
0.368084163
0.373008744
0.220108698
0
0
0
0
0
0
0
0
0
0
0
0
0
0
0
0.047951946
0.197148934
0.425612019
0.627536865
0.748848235
0.818047493
0.824438854
0.753017766
0.49626036
0
0
0
0
0
0
0
0
0
0
0
0
0
0
0
0
0.013942685
0.03079579
0.049919737
0.054243052
0.066690387
0.088362511
0.045361434
0.049124053
0
0
0
0
0
0
0
0
0
0
0
0
0
0
0
0.043111043
0.190684832
0.405023861
0.625860272
0.754962067
0.819955824
0.821799474
0.747135482
0.493981597
0
0
0
0
0
0
0
0
0
0
0
0
0
0
0
0.038186924
0.170449409
0.359146075
0
0
0.694878582
0.694021777
0.608919113
0.414832929
0
0
0
0
0
0
0
0
0
0
0
0
0
0
0
0.014264511
0.076684863
0.193139397
0.371825624
0.439575406
0.343029798
0.819137411
0.702362521
0.491693085
0
0
0
0
0
0
0
0
0
0
0
0
0
0
0
0.01410241
0.105171405
0.286078799
0.304277838
0.261358741
0.209909439
0.201549131
0.147402087
0.108377557
0
0
0
0
0
0
0
0
0
0
0
0
0
0
0
0.014280978
0.052307102
0.104692239
0.243881978
0.258687245
0.175174522
0.424722196
0.585360448
0.46003555
0
0
0
0
0
0
0
0
0
0
0
0
0
0
0
0.009284019
0.083760564
0.293340335
0.460640931
0.586031042
0.664419822
0.667570084
0.258982408
0.060789091
0
0
0
0
0
0
0
0
0
0
0
0
0
0
0
0.004746666
0.04015899
0.129386201
0.194995455
0.400709859
0.310963644
0.122418672
0.45141744
0.158096137
0
0
0
0
0
0
0
0
0
0
0
0
0
0
0
0.007043128
0.119371458
0.310963644
0.509650085
0.670609028
0.752133159
0.775191804
0.716821566
0.485976369
0
0
0
0
0
0
0
0
0
0
0
0
0
0
0
0.028420879
0.153152846
0.359360402
0.565519091
0.717931269
0.770892262
0.792460596
0.736040541
0.484841049
0
0
0
0
0
0
0
0
0
0
0
0
0
0
0
0.011818123
0.076525793
0.149069142
0.195681227
0.143220183
0.124250534
0.047818257
0.048117205
0.024945258
0
0
0
0
0
0
0
0
0
0
0
0
0
0
0
0.01168594
0.084014932
0.273381148
0.338037407
0.211789679
0.514701685
0.740582082
0.684431171
0.482585688
0
0
0
0
0
0
0
0
0
0
0
0
0
0
0
0.018983972
0.108298385
0.210133379
0.392017136
0.566167198
0.549188199
0.714532087
0.628279629
0.466344258
0
0
0
0
0
0
0
0
0
0
0
0
0
0
0
0.0025211
0.013974269
0.126744451
0.163105892
0.186907464
0.449119013
0.458988352
0.163137478
0.480356741
0
0
0
0
0
0
0
0
0
0
0
0
0
0
0
0
0.011936202
0.071378684
0.15427052
0.099195121
0.093789982
0.0790126
0.043118108
0.046368865
0
0
0
0
0
0
0
0
0
0
0
0
0
0
0
0.01897638
0.141977729
0.346532822
0.559392873
0.710805057
0.787326553
0.803495533
0.776883741
0.478161453
0
0
0
0
0
0
0
0
0
0
0
0
0
0
0
0.016594213
0.103031772
0.231630552
0.413990862
0.443709376
0.306839589
0.589825304
0.580693076
0.477078699
0
0
0
0
0
0
0
0
0
0
0
0
0
0
0
0.009391321
0.076867163
0.201830086
0.353997946
0.505663643
0.589642996
0.629794326
0.615963927
0.476007086
0
0
0
0
0
0
0
0
0
0
0
0
0
0
0
0.01199481
0.100266714
0.225014496
0.395035122
0.328606398
0.310447223
0.081976108
0.063466707
0.034849001
0
0
0
0
0
0
0
0
0
0
0
0
0
0
0
0.002362494
0.0263071
0.08396475
0.140700125
0.160485931
0.168678283
0.157841921
0.085511023
0.366156298
0
0
0
0
0
0
0
0
0
0
0
0
0
0
0
0.009386303
0.103064472
0.270665178
0.468831224
0.626134823
0.711756138
0.736206216
0.702500565
0.472868298
0
0
0
0
0
0
0
0
0
0
0
0
0
0
0
0.004635126
0.030984957
0.049832981
0.088623943
0.090644784
0.050116847
0.086891826
0.254888374
0.471850507
0
0
0
0
0
0
0
0
0
0
0
0
0
0
0
0
0.021220076
0.096776661
0.231313379
0.42991094
0.590316839
0.682780424
0.736144283
0.470848548
0
0
0
0
0
0
0
0
0
0
0
0
0
0
0
0.009386155
0.100762239
0.275047738
0.450736176
0.425253705
0.486355191
0.624334848
0.406827864
0.469863415
0
0
0
0
0
0
0
0
0
0
0
0
0
0
0
0.011843292
0.112145797
0.29730535
0.508729474
0.682631228
0.79566053
0.80250812
0.775484041
0.468896125
0
0
0
0
0
0
0
0
0
0
0
0
0
0
0
0.006964611
0.028386532
0.086386917
0.257757796
0.490896502
0.637318042
0.699593311
0.650350308
0.467947733
0
0
0
0
0
0
0
0
0
0
0
0
0
0
0
0.002472108
0.028645216
0.040079621
0.064027323
0.052216631
0.076443833
0.047589978
0.03363189
0.02708398
0
0
0
0
0
0
0
0
0
0
0
0
0
0
0
0
0.07235024
0.191025254
0.349546491
0.359962096
0.320542544
0.08463305
0.069576813
0.466112075
0
0
0
0
0
0
0
0
0
0
0
0
0
0
0
0.007043685
0.076920998
0.203453573
0.386702242
0.622100681
0.750751658
0.785134099
0.74645244
0.465227155
0
0
0
0
0
0
0
0
0
0
0
0
0
0
0
0.006984582
0.089611965
0.247733894
0.413196297
0.61706782
0.717555815
0.758743815
0.730263862
0.464365837
0
0
0
0
0
0
0
0
0
0
0
0
0
0
0
0.002388626
0.031033452
0.069246071
0.096373731
0.274687978
0.145637556
0.224479213
0.321280545
0.463529458
0
0
0
0
0
0
0
0
0
0
0
0
0
0
0
0.004747696
0.057511188
0.16833586
0.253068019
0.625024704
0.810808563
0.824857161
0.768999007
0.462719432
0
0
0
0
0
0
0
0
0
0
0
0
0
0
0
0.007076675
0.092579549
0.249413868
0.42694573
0.612148012
0.758881649
0.769933927
0.760941647
0.461937255
0
0
0
0
0
0
0
0
0
0
0
0
0
0
0
0.004677784
0.077163738
0.236607947
0.421012548
0.591430032
0.63694691
0.672694217
0.653844962
0.461184515
0
0
0
0
0
0
0
0
0
0
0
0
0
0
0
0.00231873
0.028302687
0.079150986
0.091390005
0.096934261
0.168825159
0.175242862
0.185673127
0.460462889
0
0
0
0
0
0
0
0
0
0
0
0
0
0
0
0
0.0358277
0.105616046
0.10215614
0.191130794
0.247435682
0.242476603
0.455596685
0.459774148
0
0
0
0
0
0
0
0
0
0
0
0
0
0
0
0.004833198
0.084940543
0.263460187
0.491073473
0.662909279
0.77885963
0.816173249
0.765512666
0.459120148
0
0
0
0
0
0
0
0
0
0
0
0
0
0
0
0
0.007042624
0.045278515
0.191780792
0.455960821
0.458591763
0.574321396
0.584735109
0.458502829
0
0
0
0
0
0
0
0
0
0
0
0
0
0
0
0.002263113
0.074750882
0.24394134
0.364001841
0.473256796
0.29380634
0.113851465
0.383411494
0.457924198
0
0
0
0
0
0
0
0
0
0
0
0
0
0
0
0
0.035718201
0.116741499
0.218620999
0.526784801
0.318934903
0.693359643
0.763941662
0.457386314
0
0
0
0
0
0
0
0
0
0
0
0
0
0
0
0.002481571
0.077298277
0.221763787
0.417903227
0.60852568
0.74400201
0.771926582
0.76350984
0.456891267
0
0
0
0
0
0
0
0
0
0
0
0
0
0
0
0.002470765
0.080095592
0.241268192
0.441406058
0.64205731
0.761779738
0.681307798
0.763125109
0.456441148
0
0
0
0
0
0
0
0
0
0
0
0
0
0
0
0.004692277
0.060222918
0.117114537
0.118859937
0.147526837
0.575123601
0.131604422
0.597772736
0.45603802
0
0
0
0
0
0
0
0
0
0
0
0
0
0
0
0
0.014274917
0.057400609
0.08638567
0.292470448
0.303471031
0.327906502
0.574690655
0.455683875
0
0
0
0
0
0
0
0
0
0
0
0
0
0
0
0
0.018760581
0.035575038
0.042481305
0.079117894
0.09981105
0.105042094
0.182909569
0.4553806
0
0
0
0
0
0
0
0
0
0
0
0
0
0
0
0.00243815
0.07729577
0.242054363
0.443570957
0.606767363
0.729019628
0.814741871
0.762068316
0.455129932
0
0
0
0
0
0
0
0
0
0
0
0
0
0
0
0.002432676
0.075045097
0.232108868
0.459316164
0.640588393
0.768663445
0.809483653
0.761926902
0.454933414
0
0
0
0
0
0
0
0
0
0
0
0
0
0
0
0
0.033455062
0.074188564
0.258763101
0.32108345
0.430600869
0.496892602
0.204081881
0.454792358
0
0
0
0
0
0
0
0
0
0
0
0
0
0
0
0
0.019061518
0.042793182
0.071773518
0.059379193
0.100068409
0.131870246
0.113406591
0.454707807
0
0
0
0
0
0
0
0
0
0
0
0
0
0
0
0
0.016605799
0.05705843
0.086027005
0.186169252
0.343647708
0.195602214
0.429962928
0.454680505
0
0
0
0
0
0
0
0
0
0
0
0
0
0
0
0
0.050401932
0.181703268
0.333758354
0.459109719
0.581466127
0.682866573
0.628838416
0.454710875
0
0
0
0
0
0
0
0
0
0
0
0
0
0
0
0
0.037949902
0.149647832
0.332407836
0.559034389
0.298535908
0.184660859
0.023934676
0.036929909
0
0
0
0
0
0
0
0
0
0
0
0
0
0
0
0
0.009298213
0.023885314
0.016740174
0.019061563
0.035438581
0.037983943
0.033863663
0.057350839
0
0
0
0
0
0
0
0
0
0
0
0
0
0
0
0
0
0.038057668
0.189006911
0.139028975
0.064580645
0.080097086
0.06244577
0.056051349
0
0
0
0
0
0
0
0
0
0
0
0
0
0
0
0
0.026054777
0.094681662
0.309216453
0.394765649
0.348809578
0.466003233
0.541022082
0.455405856
0
0
0
0
0
0
0
0
0
0
0
0
0
0
0
0
0.072505929
0.253173205
0.395063813
0.532798613
0.646599743
0.504428034
0.11928682
0.455719357
0
0
0
0
0
0
0
0
0
0
0
0
0
0
0
0
0.011779375
0.026074027
0.030820198
0.040203852
0.059479004
0.059994785
0.044032517
0.405332424
0
0
0
0
0
0
0
0
0
0
0
0
0
0
0
0
0.040677906
0.159881401
0.3796248
0.57064065
0.718650834
0.817448368
0.763671199
0.456505057
0
0
0
0
0
0
0
0
0
0
0
0
0
0
0
0
0.055045172
0.188850013
0.393033025
0.577055619
0.71569099
0.792300074
0.764126531
0.4569738
0
0
0
0
0
0
0
0
0
0
0
0
0
0
0
0
0.042956617
0.217095302
0.405083373
0.631412858
0.766572756
0.826652096
0.764629759
0.457490591
0
0
0
0
0
0
0
0
0
0
0
0
0
0
0
0
0.059986313
0.195768299
0.390878507
0.527562375
0.603791392
0.758088578
0.765180293
0.458053394
0
0
0
0
0
0
0
0
0
0
0
0
0
0
0
0
0.011914492
0.094088826
0.083671061
0.110334211
0.414238563
0.416914795
0.457404343
0.458660127
0
0
0
0
0
0
0
